DRUG_ID d0 d1 d2 d3 d4 d5 d6 d7 d8 d9 d10 d11 d12 d13 d14 d15 d16 d17 d18 d19 d20 d21 d22 d23 d24 d25 d26 d27 d28 d29 d30 d31 d32 d33 d34 d35 d36 d37 d38 d39 d40 d41 d42 d43 d44 d45 d46 d47 d48 d49 d50 d51 d52 d53 d54 d55
3.0 -7.821296 -13.413247 -6.7124853 6.9004583 -0.594163 -0.064653926 15.172972 3.3626196 -2.7676942 -4.8128023 2.1898243 -0.766637 4.8495536 -3.7248116 -7.6047544 4.79219 1.2513516 3.696096 -0.87818426 -1.6935698 6.923871 2.340192 -0.9366724 -2.9144168 -3.3161643 3.4610405 14.082553 4.6040773 0.030317305 0.36949998 0.4634937 -0.27376902 -0.24286689 -0.36524075 -0.3519931 -1.0539175 0.28306532 0.28886488 -0.056430213 -0.053220864 0.38619024 0.16656898 -0.087445654 -0.5636265 -0.52084845 0.2536665 -0.14413728 -0.29125804 0.3796274 -0.12824294 0.008952275 -0.32582965 0.05377303 -0.112883605 0.21760398 0.171693
5.0 4.1133604 -14.999392 -4.7945766 6.5706024 10.267827 -1.7386016 -10.783955 12.05442 -1.9462535 18.269337 22.582188 -3.6769316 1.6937137 3.5203164 -0.40050304 4.09575 0.033382207 2.0621142 -7.836424 -1.3565643 -3.8029253 -0.87109905 -7.144658 -13.299643 -10.781055 -4.9878154 5.8666673 6.1628513 0.4206946 -0.3953072 0.20555438 0.1819893 -0.015870458 -0.81801116 -0.033073198 -1.2434298 0.3933426 1.0902437 0.33314794 0.24983218 0.38379347 -0.583817 0.3321575 -1.1671141 -0.25640693 -0.12658173 0.082667865 -0.485578 1.3340245 0.2087244 0.07836215 0.2087893 -0.097825475 0.33187658 -0.5205361 1.3996992
6.0 -2.0828424 -25.490116 6.1971703 -10.478806 7.0517898 -8.279457 -3.8117247 14.254861 -1.3094946 5.8675613 17.044065 -8.796574 5.5609813 -4.006578 -5.139138 5.5005026 9.378711 11.447895 10.019743 1.7789294 -7.365472 -9.070654 1.5422812 0.83774436 4.684066 -12.149972 -12.147343 13.382233 -0.015094211 -0.34322315 -0.15489511 -0.12244014 -0.13340072 -0.3870886 0.12217559 -0.8382511 -0.14848775 1.2030686 0.6723748 -0.7717517 0.54236245 -0.84927046 -0.13102359 -0.9153174 0.24256392 -0.59541106 1.086662 0.3010477 1.8178177 -0.1769757 0.027629368 0.3202557 0.7159314 0.9414034 -0.4156491 0.80809885
9.0 15.597562 -30.977802 -10.66776 13.706719 10.441863 -3.574175 -14.1745205 8.675139 11.82819 17.516346 -0.94771266 -6.3201556 -8.807111 -12.851254 -2.0691342 17.692919 9.354551 2.8786564 -11.254276 -5.979065 3.285538 11.115154 0.6749215 -12.110812 4.6729217 0.29162043 -20.218142 5.9275374 0.033519126 0.12166417 0.25445202 -0.27984732 -0.09164224 -0.44340837 -0.016341295 -1.0330923 0.34218645 0.43575588 0.30330035 0.005905353 0.15260324 -0.01571171 0.0245374 -0.61523706 -0.0012699522 0.032297574 -0.08605631 -0.35172698 0.8642262 -0.074681304 0.21129438 -0.056649376 0.47690222 0.057771794 -0.23880918 0.29613823
0 0 0 0 0 0 0 0 0 0 0 0 0 0 0 0 0 0 0 0 0 0 0 0 0 0 0 0 0 0 0 0 0 0 0 0 0 0 0 0 0 0 0 0 0 0 0 0 0 0 0 0 0 0 0 0 0
29.0 9.194567 -23.408363 -1.7791876 14.073476 6.934854 14.812328 18.97689 5.85024 -12.536385 11.316951 12.849722 -7.9886465 3.399412 -1.1738454 2.1174543 -2.8868635 5.2699857 1.5764235 -9.7124 7.372425 -2.95635 0.21977392 8.876965 4.004758 -1.370668 -2.0341325 -3.8991652 -1.098651 -0.84970325 -0.35292128 1.4762385 -1.3632 -0.20815307 -0.14822018 -0.8115645 -2.065196 1.0006436 0.5578698 -0.5140496 -0.88911104 0.84618014 0.035437185 -0.7317027 -0.6414271 -0.14038563 0.7623159 -0.8237315 -0.45112056 1.5257716 -0.18246692 -0.59640205 -0.6207624 0.5847205 0.32791314 1.2343043 0.44070992
30.0 13.590052 -6.21013 -16.892372 14.7601185 6.2585135 -10.544059 19.525036 0.09561085 -5.0658593 -7.665172 8.38842 -0.5769302 1.6508389 4.0356894 -0.8522153 -6.4882045 3.970164 6.5942135 -8.357905 3.8022053 -6.3637056 -1.9456195 -13.29345 -6.912663 -0.6440529 -2.667273 0.090503134 10.806258 0.23445618 0.23981394 0.76911694 -0.60467744 -0.64369863 -0.36635715 -0.9379548 -1.9301574 0.7209127 0.8992466 0.22815137 -0.44273376 1.0923698 -0.7062766 -0.48247507 -0.5619122 -0.86561054 -0.3053852 -0.6115027 -0.2163459 0.94904155 0.29700392 0.018644266 -0.78911096 0.48727596 0.25814658 0.15709773 0.8519506
32.0 -0.753877 -8.446718 1.0898328 15.0584545 5.7790694 -0.18611106 4.8400207 1.6607774 -12.008486 -8.712614 15.696107 -7.6522574 -0.62027335 3.7509563 -5.163158 -4.6859927 -3.6781693 1.4914995 -0.8604492 12.979999 5.064686 -9.01843 -1.1753495 -6.0586424 -2.8010309 3.162681 4.7007174 2.1865458 1.3919152 0.18557435 0.051118072 0.1406864 -1.0377319 -0.897412 -1.0896003 -1.9996248 0.79460025 1.0802279 0.24095376 0.20663647 0.6797802 -0.82933444 0.30867764 -1.0657086 -1.5482565 -1.2409642 -0.6806718 -0.37969178 0.19517952 0.7385545 0.12797877 -0.76228243 0.35372478 -0.35600895 -0.768899 1.7779949
34.0 15.73733 -10.503811 4.718881 17.783894 7.4719543 12.322123 6.7051873 4.8952756 -7.1303196 5.605271 11.059671 -5.7488427 -2.9093115 2.3164642 11.93758 -7.5353894 8.937779 -0.2746359 -20.8927 2.8973422 5.1562643 0.06839487 4.4866977 4.0889792 -0.10949515 2.646689 9.423228 -9.742081 0.70657325 0.0947955 0.95856196 -0.4994826 -0.6838229 -0.35130954 -1.1652555 -1.7062744 0.9823063 1.0442103 -0.25628465 -0.30318096 0.8098451 -0.037186433 -0.3878843 -1.0419348 -0.8649622 0.269772 -0.15225466 -0.46018416 0.8644741 0.23183456 0.037554555 -0.3626953 0.003142151 0.092663854 0.4999524 0.8908547
35.0 4.002724 -2.8917263 -3.2808442 2.7539608 9.982734 -10.553499 12.919089 4.33366 -4.376895 -2.8613365 21.247532 -3.1201143 -9.0166235 -5.664511 -6.3274374 -5.068749 -5.3841524 -0.84112763 4.131451 15.836546 -2.680332 -16.504164 7.255892 -12.291819 8.674676 1.6205704 -3.1481526 3.303037 0.63300633 0.1969876 -0.38889652 -0.18923914 -0.8410874 -0.5968048 -0.5829395 -0.8092866 0.39866862 0.90869284 0.14901556 0.2091356 -0.33363467 0.941473 0.2921145 -1.5456539 -0.16553283 0.16315685 0.6343458 -0.46301493 0.6220051 -0.22852601 -0.26730606 0.16533868 0.09457333 -0.24146938 -0.29971576 0.5382885
37.0 11.704849 -6.8313365 -10.547874 -5.2684054 1.1907682 -19.77693 1.2308776 12.16417 -13.735304 -2.711809 -6.8928 -1.832654 -0.8431408 2.3498318 -1.2147175 -13.061422 2.059456 1.1849843 2.122925 13.85682 9.867518 -12.825313 -2.4848664 -3.635259 6.182937 -8.289464 -4.8202844 -5.762869 -0.15105774 0.70090497 1.3339411 -0.7121068 -0.74552745 0.94988954 -0.23934723 -1.1585975 1.1549851 0.7047096 -0.5354056 -1.9413891 0.26523033 0.4824507 -1.2573222 -0.6121365 0.86102086 -0.10563105 0.9614808 0.2546985 1.9728466 0.54278684 0.023845881 0.615873 0.50046766 0.524767 1.1739737 -0.7780615
38.0 -0.94071835 -1.8469656 0.10338047 5.8695393 8.564162 -4.203741 5.410847 9.352627 1.9184287 -3.706531 11.414405 6.28224 6.404837 0.908882 -5.1573954 -11.437854 -9.583905 6.8445163 -7.3321342 -7.616201 4.0022345 -17.564482 -1.2002505 -4.535984 -0.07402903 0.25057644 11.050138 12.25089 0.18664265 0.8389602 0.08401746 0.28622934 -1.2622703 0.027715504 0.5282851 -0.94937336 0.07056391 0.73807234 -0.5555724 -0.9006268 0.8685865 -0.17301081 -0.1417061 -1.1917394 -0.81258875 -0.19742721 1.3389267 0.37737444 0.9477196 -0.1574235 -0.909835 0.6492041 -0.26200965 0.7953179 0.59119403 0.4751532
41.0 1.5435429 -24.145954 3.6873872 -0.04901979 6.78466 9.495716 2.410741 -12.71888 -0.24494967 -6.338939 -8.747815 -14.690964 4.9745646 -4.251755 1.5458528 3.4001005 17.621521 -1.7292459 7.4200187 -11.134544 14.040399 2.4355567 6.4160213 -0.5998992 3.5189455 1.617068 -0.7009844 -8.106607 0.260333 0.5499527 0.7409805 -0.0043487977 0.11607623 0.37939063 -0.4277356 -0.79937947 0.667589 0.5646786 0.20751357 -0.44195017 0.75925606 -0.34487382 -1.0429007 -0.34855643 -0.021538964 0.43518025 0.23058403 -0.2504636 0.91867906 0.18921101 -0.36299714 0.04564697 0.24040647 0.75000197 0.78923434 0.2807715
45.0 15.488843 -31.318274 -13.421081 10.794061 11.477291 -0.76478404 -16.953358 5.4792504 13.271472 13.300677 7.3137574 -1.4980439 -1.9472613 -2.9666903 0.7833259 20.303194 3.5779347 -6.0257745 -16.613316 -8.707148 3.0921528 7.9783697 -3.7563062 -6.4115763 -0.37854087 0.42060608 -20.370224 9.436349 0.085835084 0.18186647 0.29581442 -0.20904203 -0.074571334 -0.39912775 0.007256841 -0.9879209 0.33926508 0.46819386 0.29053 0.051051367 0.18553019 -0.022655305 0.025553878 -0.61372685 -0.010028185 0.122498155 -0.008644713 -0.40045366 0.8549146 -0.049308673 0.19431674 0.03381756 0.41075948 0.0870188 -0.15649813 0.31300476
51.0 6.168087 -10.181764 1.2807757 17.264046 7.4823303 1.9992605 5.7906585 12.499265 -0.1444329 0.3421874 6.703917 0.9014222 -3.9129355 -8.090303 2.1757548 0.7814881 10.455623 -7.390401 -15.175046 10.148641 3.4030242 -4.383745 5.3935137 -6.801699 0.61608875 2.3091474 2.7005353 3.1180925 0.43463805 1.0918472 -0.28461507 0.7529379 -0.37358764 -0.18626389 0.5147725 -1.0838025 0.028905861 0.9961084 0.1171436 -0.22777836 0.62380224 0.19835813 0.27862817 -1.292176 -0.13392551 -0.5841286 1.182164 0.19000223 0.9565039 0.40563706 -0.95327604 0.5728054 -0.15871985 0.7948714 -0.18727279 0.94165885
52.0 7.470883 -5.082461 -5.1093397 5.7213936 7.7124276 -5.185832 15.268841 0.4027303 -14.730078 -4.5513535 4.2327504 -7.373539 4.036127 -2.4727194 2.7115767 -0.6784761 -6.2598863 8.802808 -13.802532 -8.431898 5.141641 -12.709809 -1.4716533 0.4465127 1.4131691 6.6766014 -5.8516746 2.5376189 -0.007954964 0.06327727 0.6425003 -0.15402201 -0.3390173 -0.31971142 -0.5263201 -2.132437 0.9973585 0.42664704 0.22179495 -0.13370079 1.0689528 -0.90611416 -0.40571195 -0.23648581 -0.6207907 -0.13688095 -0.939784 -0.13391438 1.1156056 0.22328097 -0.21742761 -0.6381623 -0.02739349 0.39255866 0.12329101 1.0773345
53.0 10.498591 -4.6178055 -4.9166827 0.11145737 1.275524 5.771823 -0.9375597 11.913248 3.5761685 -0.42024702 5.292239 1.7853446 4.1661067 4.226161 0.5583616 -9.9408655 16.620817 0.801232 -14.802992 0.6340814 16.105654 4.831613 -1.3632122 -8.566364 -2.02342 7.1242867 13.8928795 -1.0803634 -1.1313709 0.28182906 0.33734655 -0.4167954 -0.8915009 -1.0165147 -0.13650094 -2.3958523 -0.20148358 -0.23984571 -1.1967381 0.34013927 1.8322005 -0.18695556 0.34050965 -0.7165966 -2.1008618 0.8399778 -1.2028216 0.13416547 0.39068124 -1.0565335 -2.0003438 -1.1828895 -0.8339571 0.48692706 0.69979554 1.4789515
54.0 2.0893633 -3.8563597 -9.033978 18.022675 3.209545 6.6263847 4.0547423 2.6544292 -3.4709175 -4.783408 17.17869 -2.3376138 10.758195 3.5892255 1.8675529 -0.17930593 -13.747486 1.8084276 -11.396178 1.0376517 10.171302 -7.5721946 -2.899367 -5.0186768 -8.043449 12.199862 13.340511 -4.179416 0.54726183 0.055273823 0.4963164 -0.42553034 -0.66589373 -0.8248679 -0.9937136 -2.1126785 0.33600765 1.0768201 -0.3323227 -0.24252564 1.0842054 -0.30820388 0.15179881 -1.2182839 -1.5593065 -0.37676498 -0.44036973 -0.2943931 0.46197167 0.18399894 -0.41520175 -0.7740543 0.31120926 -0.0662618 0.08088299 1.5113372
55.0 -2.0789719 -2.7026665 5.7715473 15.377065 2.7003338 -12.8419075 6.9212604 6.8218 12.251648 0.3649335 10.566136 -7.0257034 -1.4911137 -4.0747347 1.949069 -2.5389035 -14.440814 5.583249 -7.83533 4.741732 1.8733819 -9.467891 3.626787 -5.5759254 7.077931 -3.7279363 0.2629658 -3.018929 0.35976005 -0.07548955 0.15026307 -0.071029164 -0.41303182 -0.4585216 -0.109852865 -1.199348 0.49274802 1.00619 0.08621447 -0.4027936 0.15061447 0.074521095 0.09845862 -1.3438697 -0.21110986 -0.019012846 0.6420592 -0.28586945 1.1198567 -0.059031725 -0.0051666796 0.14962798 0.32788152 0.2826276 -0.034874894 0.56980735
56.0 5.1690183 1.685451 1.2399215 15.3255625 12.000652 -12.480356 23.302889 -0.62321967 -2.7491856 7.146092 14.430064 -10.65536 2.4246445 -6.0250444 3.1068072 -5.4879484 -7.3076158 -1.7734275 -11.868087 17.443586 0.06766179 -14.181992 8.378996 -7.4656363 3.935269 4.044335 -3.4547176 -4.7929115 0.41847587 0.4173839 -0.095056064 0.062047265 -0.41103163 -0.37491673 -0.018848468 -1.2699118 0.49182236 0.977455 0.6122951 -0.41250527 0.32479787 -0.11161862 0.17146647 -0.7325534 -0.098726176 -0.7930854 0.5262808 -0.15502326 0.8283927 0.29090348 -0.014914542 0.104807004 0.5851355 0.22001457 -0.35853785 0.49925962
59.0 0.24566117 -3.6968143 4.826543 16.68644 10.040419 -4.8189006 5.411587 -0.7164383 -1.100697 -6.7508025 14.662956 -11.6238165 -11.6425295 -1.9486595 9.99816 6.3690257 -7.662381 -1.582244 -10.42565 9.82688 -0.7928743 -12.465891 -1.3474846 2.0400941 -2.0489242 0.6673294 6.933963 -0.91358423 0.25586295 0.063312694 0.3334429 -0.050214224 0.6920876 -0.4186812 -0.08532615 -1.3649325 0.58798474 0.84693205 0.62499434 0.17082173 0.6605958 -0.11677431 0.36986178 -0.76807016 -0.12170155 -0.09152819 -0.005171882 -0.1633706 1.0972403 0.30420333 -0.38376513 -0.34626827 0.37277365 0.21535978 -0.25113407 0.7844748
60.0 1.328857 -5.4022665 -0.40631664 19.04033 5.1121917 -5.684077 3.966228 6.9734616 5.7214904 0.14440787 14.381604 -9.369383 -5.1018777 9.085734 0.5664276 -3.8376162 -19.93318 -4.212183 -11.282529 -1.8514535 2.8266475 -21.799465 7.25038 0.9613357 1.8759526 6.500088 -6.7365727 2.4964666 0.8300837 -0.3609816 0.15830038 -0.23958305 -0.23042777 -0.44535926 -0.782742 -0.88945305 0.38065302 1.2336725 0.54979765 -0.017166056 0.23053274 -0.4193318 -0.068638854 -1.0771087 -0.07050649 -0.1816096 0.51534754 -0.28118443 1.209174 0.047362268 0.5167846 -0.03221106 0.48957765 0.2342607 -0.4197547 0.82023484
62.0 -6.5530434 -12.463988 6.837552 5.4941897 4.2867565 -2.5022445 9.138212 13.161237 -8.545277 -6.4443526 11.632037 -8.127254 12.316061 2.2865622 0.590399 2.1523578 3.54381 0.3758371 -2.0035872 -1.4860314 8.030432 -3.429785 -0.43787473 -3.2115746 4.6216836 -4.92237 -0.8605743 3.144798 -0.44200042 0.28315073 0.5053765 0.58903515 0.14363542 0.082584344 0.720818 -1.1731577 0.6364769 0.27599326 -0.5311521 0.05936401 1.1803735 -0.65485746 -0.24385671 -0.8688683 -0.075229116 0.7067987 0.24415722 0.11455217 1.7460464 -0.07251672 -1.1924628 0.48726463 -1.1624957 1.1493706 0.6236654 1.2864951
1091.0 0.622219 -26.368038 5.6310124 13.931853 11.196287 2.4480128 12.702033 5.098026 -0.18048131 -1.5859078 8.068791 -5.8491106 -3.2576811 0.3155912 -0.108115315 8.145647 9.492379 -14.2251215 -8.311458 10.122448 -1.7058342 5.7101474 3.898856 -13.55953 4.125674 8.286654 -14.333877 1.0445772 1.4895229 0.042239137 0.22217026 0.22129498 -0.040151548 -0.44230857 -0.87601465 -1.0202165 1.1504833 1.5690002 0.5582364 0.37562388 0.14481217 0.09499654 0.03058935 -1.3921127 0.01897561 -0.23591472 0.34307197 -0.7884356 1.0072935 0.73725724 0.49411422 0.2566431 0.039033048 -0.08739993 -0.5488725 1.0791069
63.0 9.122488 -15.592316 3.3991263 -1.9537523 8.424897 -2.0034473 -12.16014 10.749877 4.6388226 6.4256945 7.7195535 0.80358905 11.784663 0.3548267 1.3594639 -4.867404 6.8704014 -0.64821327 -10.943268 -5.0763435 12.79421 -8.524855 7.4510775 3.9035537 2.7352474 0.51535916 2.3804688 -2.5382845 0.58202565 0.03917416 0.5417522 0.40381733 -0.06100601 0.11303816 0.367969 -0.7625215 0.2131693 1.3500535 0.45314515 -0.79440826 0.6660265 -0.9046002 -0.123495184 -1.0516669 0.13344768 -0.34911412 1.4705542 0.14074638 2.0056934 0.26735017 0.30758032 0.70837986 0.069987655 1.2444168 -0.052939527 0.6983601
64.0 15.348889 0.9361571 -2.3516958 3.0507367 6.273536 2.6657953 -4.9268136 7.704374 -13.176336 8.549614 5.126743 2.224595 -1.6613219 6.948668 0.1483427 0.09389863 -4.3214173 -4.1251197 -5.417396 3.5728335 2.971756 -21.621555 8.631867 -0.80496275 -0.24438949 -2.114274 1.5208153 -0.8984527 1.3179531 1.4341947 -0.28271082 1.6041716 -0.9109076 0.30751693 0.2870292 -0.5559755 0.37679675 0.91214293 0.5517253 0.36488554 1.0115076 -1.1931926 -0.02229236 -0.7447124 -0.39823207 -1.05042 0.90494335 0.038036775 0.82814515 0.85599375 -0.11857482 0.76484215 -0.8920199 1.0199579 -0.5512699 1.516884
71.0 -0.88508195 -15.517103 3.7597945 5.049804 4.2991543 -14.377733 3.823755 7.3929644 -9.05157 -5.1373916 14.429522 -5.38327 9.491674 -1.5563345 6.283981 3.894228 -9.66791 6.0115023 -10.520895 0.8770177 -10.195695 -3.4367986 -2.729959 6.8764625 -0.5746917 -4.038088 -2.3385384 -1.5212563 0.31255844 -0.3431162 1.1155295 -0.06973674 0.14316368 -0.0404504 -0.18834373 -1.4449602 1.4596201 0.70595855 -0.0033507682 -0.62122756 0.27108464 -0.3811525 -0.28663024 -0.6268769 0.23209201 -0.09393515 -0.032407 -0.44660756 1.6513127 0.5931716 0.7848208 0.18005283 -0.13649116 0.065348625 0.09732232 0.39950308
83.0 5.3931513 -7.8096457 0.3591624 -7.6576743 0.3197336 -3.5132997 -12.922882 6.8639927 3.9376223 3.2231784 -0.29547936 -14.208859 14.840097 4.979724 -4.3692575 -1.6366028 -0.8473898 4.169215 -11.147757 5.897991 17.646332 4.329443 -1.5505159 -2.8542192 3.0715826 3.8065543 3.2481465 -5.9432287 0.09967125 0.1673666 1.7906637 -0.44071975 0.74472207 0.632222 -0.53310543 -1.308797 1.709408 0.5262535 -0.2464643 -0.7930406 0.35074988 0.5647975 -1.0994487 -0.36666226 1.2290105 0.47256896 0.099986956 -0.2574417 2.0954018 0.5887362 0.8636879 0.22882968 -0.52388227 0.16177286 0.58648336 -0.5445235
86.0 0.12305627 -12.757641 -1.9490842 -0.113911696 4.2398133 -14.054468 16.236244 6.581152 0.18387291 2.44211 -2.04907 -5.881416 17.58001 11.253794 -3.054111 -13.487823 1.3944684 -1.9892882 -14.34812 -0.71481353 8.09351 2.3809304 -2.559024 -15.170252 2.4546459 -1.0330029 2.6251135 2.7338874 0.30290073 0.91052085 -0.7625144 0.5658807 -0.76007617 -0.28989947 0.4748388 -0.62775695 0.2528352 0.26623368 0.18656349 0.24053882 0.14235824 0.43917423 0.3177482 -0.9603076 -0.046852767 -0.50559986 0.65829533 0.22742277 0.7003146 -0.01742927 -0.5048763 0.4141656 -0.6447546 0.029374715 -0.631574 0.39515868
87.0 10.6582 -4.705439 -14.460681 15.571623 3.7981372 11.520547 5.0614953 -1.5147716 6.8510413 -1.6835018 10.013149 -7.0385222 -0.115816414 -4.863016 5.0573363 -9.526587 21.661879 2.6689572 -10.643577 -10.866128 6.518375 1.8131325 -6.9456067 -0.70164555 -6.797751 3.0755124 7.1538925 -3.0812688 0.8444767 0.76422274 0.3932793 0.03688769 0.021172909 0.40735486 -0.5718342 -0.66934323 1.2623667 0.9604216 0.7968953 -0.19162096 -0.13626018 0.7543799 -0.7445915 -0.7085912 1.3615851 0.03612471 0.8969911 -0.3954374 1.4549774 0.43532145 0.8097399 0.65815187 0.042744596 0.10848935 -0.043090366 -0.27938893
0 0 0 0 0 0 0 0 0 0 0 0 0 0 0 0 0 0 0 0 0 0 0 0 0 0 0 0 0 0 0 0 0 0 0 0 0 0 0 0 0 0 0 0 0 0 0 0 0 0 0 0 0 0 0 0 0
89.0 -2.394829 -7.791961 -2.7538998 -7.140873 1.8450722 -6.165343 17.046776 1.9925878 3.0338607 -2.6548836 4.5839047 -0.32335636 17.882233 4.471785 -7.475055 -9.862554 -2.5312777 1.048576 -9.173415 8.898868 7.442025 -1.5681317 5.8762875 -11.493651 -1.6244743 -0.7518662 10.517587 5.4103765 0.083935305 0.7124672 -0.69768196 0.39222163 -0.98194677 -0.36863837 0.49098456 -0.72059405 0.28367642 0.20179702 0.0599218 0.12169923 0.23514426 0.20398408 0.3286299 -0.8636455 -0.12928888 -0.42640105 0.53646755 0.31238312 0.87594116 -0.30528364 -0.6273342 0.3907926 -0.57717746 0.1484119 -0.4986534 0.47772607
91.0 4.410701 -2.790245 9.83637 9.930051 3.8263304 -0.77445894 -0.6243223 4.157559 -11.695569 0.8769082 7.124808 -16.684267 -3.282807 6.46069 -0.59105706 0.24113707 0.75280845 -0.19820559 4.7355313 6.5221734 -3.3694625 -8.280522 0.9810717 -2.2865765 5.333627 0.096706524 -5.386625 -4.525282 -0.5910919 0.20860589 0.5011187 0.6991816 0.14973564 -0.26255286 0.8676338 -1.9979227 1.7499785 -0.17885152 -0.3056845 0.5444658 0.059549555 0.2762294 0.48456347 -1.1898869 0.30361968 0.75060636 -0.42658406 -0.5878524 1.6141053 -0.0762166 -0.6527382 0.19852692 -0.91352683 -0.0801563 0.40123108 0.34199658
0 0 0 0 0 0 0 0 0 0 0 0 0 0 0 0 0 0 0 0 0 0 0 0 0 0 0 0 0 0 0 0 0 0 0 0 0 0 0 0 0 0 0 0 0 0 0 0 0 0 0 0 0 0 0 0 0
104.0 -1.7680678 -0.97001565 4.0595684 16.13198 3.6709695 -0.49012545 15.437013 6.394847 2.0637524 4.83695 12.388641 -3.1046538 3.4358015 6.8997874 0.01528913 -13.210063 -7.9151063 -1.1829115 -4.147302 3.9481914 0.5335127 -13.126993 -2.0612268 -3.1351097 -4.3265467 1.6924446 6.158111 0.35594836 0.7364517 -0.3358022 0.3725185 -0.29792753 0.13508643 -0.6063146 -0.65245485 -1.2023281 0.2978278 1.6504536 0.24025147 -0.16685882 0.11708442 0.57085353 0.30942082 -1.7711465 -0.23837537 0.14390871 0.8671691 -0.6535066 1.0471085 0.16463812 -0.04721237 0.02559375 0.45938253 0.18857871 -0.11727503 0.7323096
106.0 8.416548 -6.508205 -7.529081 9.985611 8.478067 -4.8051515 -2.141515 1.151296 -11.326442 5.085942 8.292149 -1.4509258 -0.95485574 1.1390457 1.100191 3.8962004 -15.402221 -4.7781973 -9.243218 -0.20516813 10.965901 -4.69349 -4.529022 -10.793247 7.961441 14.993036 5.06127 -7.5489244 -0.15729208 -0.21827903 0.50622195 -0.48140272 0.23810986 -0.375166 -0.19638284 -1.1615683 -0.24315855 0.78478634 -0.15844764 -0.636104 0.7879352 -0.18424653 -0.017344646 -0.8705277 -0.54463094 -0.117456295 0.18926366 0.26971784 0.8431713 -0.067309916 -0.6533742 -0.5764821 0.35473436 0.39746547 0.13216515 0.5326869
110.0 12.503123 -15.037949 -5.2362967 10.31175 8.698086 -9.546954 11.659609 -8.026338 -5.1241 -17.34902 6.505498 4.112733 1.497776 3.144191 -8.339719 4.569738 16.59719 -7.54013 3.230345 -6.168042 -1.3960893 -7.5955706 -7.8288565 -9.54688 5.201154 -11.14373 -5.6436086 3.4377017 -0.42275813 0.2745805 0.25983533 -0.30625334 0.22742197 0.06690708 0.50412315 -0.82337344 0.016580217 0.8166609 0.22631676 -0.79410183 0.3823045 0.2363488 -0.050284434 -0.7592778 0.36838564 0.23204833 1.0451535 -0.11508109 1.3256485 -0.29218268 -0.16952473 0.539428 0.4441125 0.5829185 0.3751999 -0.27030572
111.0 11.826589 -12.663014 -0.88723344 -6.147612 4.3386493 -0.86058253 -0.75728035 -5.329308 2.158204 -8.903966 14.547145 5.180459 1.5437193 10.070146 -4.7329288 -9.203669 -2.6121342 6.435999 -7.651588 6.9833245 3.2715466 -0.282608 -3.0621698 -17.40227 7.1904345 -4.301669 13.111036 11.9814 0.13505763 0.077063724 0.43024507 0.042903274 0.247233 -0.44929963 -0.16052997 -1.592601 0.8631131 1.0559953 0.10668979 0.15745093 0.94628125 -0.24964157 -0.046292737 -0.91814935 -0.1673016 0.25877762 -0.16596606 -0.61695904 1.400417 0.15176183 -0.37400284 0.034209657 -0.36205444 0.54537785 0.06815595 1.2476726
119.0 7.573881 -0.45258287 -8.082116 11.067799 2.4131277 -6.2653637 4.1830635 2.2286866 0.12580854 -4.496877 16.173534 -13.363433 7.4713945 5.271896 11.651314 -2.2686472 -12.852599 0.83103323 -6.453035 -3.8637369 4.197749 -6.62628 -9.598119 -7.1300426 -0.024146602 4.2891536 7.4833393 -5.4704576 0.4572996 0.44794682 0.6372301 0.20902991 -0.047682814 0.051367044 -0.3752251 -1.3429819 0.9199766 0.69106096 0.12019978 0.014409441 0.90008897 -0.17615433 -0.35668683 -0.76575536 -0.20059635 0.1577732 0.04220637 -0.25754154 1.06475 0.290176 -0.09575607 -0.12682529 -0.4559253 0.34865254 0.244798 0.6714042
127.0 -5.053826 2.9747567 -12.915004 6.1806855 -1.098991 -10.838245 9.79535 20.072592 8.636409 8.7267885 -12.801578 -3.3668866 20.462423 -1.6055155 -12.047943 -9.531586 -10.144592 -0.94894934 -7.669495 -4.826228 -2.1754532 -17.844898 8.016415 -10.487102 1.8182623 -12.577074 -13.6911955 6.1779003 -0.36127466 -0.10873153 -0.4677697 0.13404088 -0.333295 -0.76662374 0.679051 -1.032387 -0.50462866 0.8078547 0.22982629 -0.6706056 0.68069845 -0.8536569 0.32130453 -0.8537293 -0.3980828 -0.91103405 0.2678909 0.55931014 1.477815 -0.0855889 -1.1011853 -0.009645987 0.5034717 0.81562245 -0.73151296 1.3962287
1192.0 -0.91613793 -0.6135019 -1.6884269 -10.855912 -1.9983013 -16.958391 6.6511445 19.391186 -1.6819342 4.2726083 -0.93126726 -5.0119753 19.530838 4.080166 -10.717799 -9.464343 -17.796597 4.5116043 -12.471061 -5.222359 -9.581457 -17.563799 11.513823 -5.0938787 -2.487978 -4.335423 -11.64492 5.13725 -0.8691354 -1.0871778 0.7228265 -0.38089582 -0.10181066 0.3033308 -0.14868687 -0.5253502 0.4639242 0.045363355 -0.50966454 -1.0636154 -0.07086254 -1.8108573 -0.9177718 0.11003112 1.2305884 0.15902273 -0.74499464 0.7373093 2.600926 -0.4808031 -0.35774145 0.23189738 0.3817493 0.68441767 0.003976157 1.2783154
133.0 1.4028507 7.4940934 -6.7427497 7.130389 -9.212722 -6.720301 8.169781 20.558313 6.0120716 5.877883 -6.7795773 -4.6925416 8.054012 5.2905946 -11.734934 -6.3646975 3.9234993 4.7527957 -9.368939 -5.458638 -1.2787867 -3.6462977 -3.9974678 -10.183793 -3.527643 -5.494852 2.7358804 5.978586 -0.33387545 -0.40845716 -0.10790417 -0.6030939 -0.6833983 -0.85946816 -0.4918929 -1.7037688 0.66893214 0.0701613 0.22386408 0.012251501 -0.09640661 -0.35282588 0.30980507 -0.71368754 0.02759515 -0.46197534 -1.1433725 0.010770734 1.0887951 -0.27492148 -0.22413749 -0.53137696 0.81593704 -0.29647765 -0.7195306 0.9044863
0 0 0 0 0 0 0 0 0 0 0 0 0 0 0 0 0 0 0 0 0 0 0 0 0 0 0 0 0 0 0 0 0 0 0 0 0 0 0 0 0 0 0 0 0 0 0 0 0 0 0 0 0 0 0 0 0
0 0 0 0 0 0 0 0 0 0 0 0 0 0 0 0 0 0 0 0 0 0 0 0 0 0 0 0 0 0 0 0 0 0 0 0 0 0 0 0 0 0 0 0 0 0 0 0 0 0 0 0 0 0 0 0 0
136.0 2.9474437 -2.1599858 -0.11853081 -3.9370737 -1.3646619 -12.341465 11.225131 -2.62882 4.1965675 -5.221462 14.321943 -4.1509194 12.283179 8.702279 -1.7326753 3.1098256 5.8516636 -1.8361994 10.214901 0.77501506 -10.54491 -0.31863788 0.47692773 -0.9269111 11.174473 -9.542917 -3.6330981 -2.4455428 -0.18159892 -0.471289 0.51289195 -0.52514607 -0.17429891 -0.65497094 -0.3382031 -1.6764551 0.75417894 0.5424405 0.2544525 -0.40410438 0.5021159 -0.57864016 -0.092976384 -0.5824251 -0.14862168 -0.24449185 -0.65121925 0.022705585 1.5120822 -0.056846187 -0.23669016 -0.59164006 0.5016029 0.26290944 -0.20105542 0.77075726
140.0 6.624729 -25.917532 -5.2945924 -11.477663 7.5895743 -17.903955 9.8031225 -3.1410408 -15.028863 0.09384939 -2.9179885 -4.390091 4.55996 -2.4761784 -3.5835218 1.4676832 -0.98998106 8.747134 -5.273324 -3.2926855 -10.221724 1.4783678 -3.9547243 -8.949517 8.548921 -4.3604407 -1.5141953 10.886177 1.017099 0.2547969 0.4434068 0.16144454 -0.365926 -0.17286733 -0.4747891 -1.1644596 0.9810497 1.0808809 0.5317621 -0.07637097 0.48499873 -0.7041646 -0.1325978 -0.66646296 -0.3618947 -0.50848204 0.041088365 -0.56096447 0.92329645 0.7306293 0.5112829 0.048490223 0.14642453 0.09415947 -0.24202871 0.89644814
147.0 3.2200282 -8.1501465 -16.01555 1.5091835 7.2177277 -6.1094213 19.232386 10.188011 -8.387997 -3.9273295 3.0073738 -5.894523 -8.956158 -3.6815102 -2.070505 -5.703535 -13.332041 8.520324 -0.08885118 4.6587214 -8.411792 -17.448086 4.7307014 0.7344219 0.06993295 -8.539953 -8.951316 5.377849 -0.5281121 -0.059168555 0.7150593 -1.0046786 -0.69671875 -0.44363683 -0.49651313 -1.9263729 1.4976153 -0.0023595393 -0.08277538 -0.3243042 0.14983368 0.27100646 -0.22115181 -0.4148681 0.07099544 0.0118181035 -0.9735859 -0.26883924 1.319616 -0.18863317 0.022723246 -0.53064173 0.43201202 -0.35124156 0.17607847 -0.06694084
150.0 -1.7247809 -0.8114885 -1.4822415 0.9019932 -3.5887287 -13.077236 9.48908 1.532484 2.841607 -0.24217278 -1.389997 -6.5392222 6.5376277 10.244151 -3.8556888 -7.271333 -0.61298704 -6.770901 2.5468755 10.791168 4.0603995 2.8025637 -1.8283942 -8.867641 -0.18913381 4.1224875 4.8790755 -8.595657 -0.23152855 -0.20044363 -0.14706406 0.0028243158 -0.013593422 -0.6902612 0.2023504 -1.714567 0.76300836 0.383614 0.24554329 0.11720789 0.072419286 0.13257831 0.5799109 -1.170989 0.21454121 -0.35065204 -0.14464335 -0.18092616 1.4611651 -0.2570165 -0.40653774 -0.18179847 -0.062016737 0.043930233 -0.61159927 0.57518125
1502.0 20.036158 -13.996923 10.565979 1.1637682 5.127262 -8.814917 -5.575246 10.047021 -11.931958 -4.9280715 10.106602 0.99287695 -0.79192 10.403729 -3.9016087 -5.5301175 8.84779 6.371442 -17.390265 4.9846406 0.2624419 -10.337506 -3.4514842 -8.198351 -0.20188119 -1.7807591 6.5484743 9.175609 1.7592798 0.21126512 0.09113722 0.9047596 1.2635225 -0.5868284 -0.7038779 -1.1739993 0.9215798 1.6668408 1.1654968 1.1145004 0.51685417 0.20976405 0.34833482 -1.3497518 0.6238641 -0.66322684 0.35727397 -0.75730115 1.4673842 1.1704614 0.4377518 0.16482851 -0.8142839 0.32236323 -1.3727394 1.6504443
151.0 2.6194248 -27.591242 19.39375 0.3505963 10.173955 -9.185754 1.1925527 8.440117 -13.889226 6.2349544 5.1279116 -3.2078104 -3.8775427 -1.1754485 9.046623 -3.8446 6.847042 2.3798506 -15.473492 -3.1555855 -4.636176 -7.342462 1.1363916 1.16471 1.0282433 2.1705465 4.935872 8.52715 0.56387204 -0.046857364 0.618686 -0.37310737 -0.5736617 -0.27031744 -0.5964584 -1.2734659 0.61080337 1.3183693 -0.029388832 -0.43124318 0.44465613 -0.11419831 -0.13156226 -1.2655985 -0.5068629 0.07900539 0.5322037 -0.52481085 1.1168398 0.24175787 0.0639525 0.095425755 0.4714934 0.33840367 0.37896404 0.6817639
152.0 5.561969 -7.3470902 5.782155 7.729515 6.28049 0.22544262 3.584277 2.076214 -10.662359 1.9498949 6.501942 -16.665815 -0.8153923 4.9943523 -0.17557657 -2.7510493 -0.15554634 5.595633 0.2306658 3.895546 -3.1114283 -5.612694 1.3745689 -2.4860296 3.3315542 -1.2216479 -8.546793 -0.43116874 -0.7322347 0.6393976 -0.63293356 1.0854481 -0.4108076 -0.21630159 1.4942739 -1.2840987 1.3259475 -0.5207922 -0.08193399 0.7638137 -0.76257765 1.041098 0.897706 -1.4949018 0.88683015 0.66642135 0.44326633 -0.27072224 1.4571038 -0.5712222 -0.92515844 0.8879785 -1.0763155 -0.17136836 -0.005204873 -0.09469443
154.0 6.794554 -6.345495 10.826074 13.20465 -2.2295218 -4.6731195 10.166298 0.9226314 -19.51436 -4.2244005 10.874985 -9.957039 -6.0935335 2.1387722 1.3391627 -15.577753 8.164111 3.0447028 -9.060343 0.4441257 -2.2135408 -6.8571415 -10.521332 0.38041517 -4.960019 8.507457 6.972005 4.3550553 0.044812545 0.324766 1.1064065 0.54364634 0.20438987 0.035468183 0.12541087 -2.3000312 1.8356233 0.13081433 -0.16750339 0.09133718 0.8892156 -0.45533428 -0.054508917 -0.6834473 -0.37732425 0.24093446 -0.6669364 -0.2795546 1.532782 0.6359731 -0.2958156 -0.22427753 -0.73786134 0.124660656 0.45151842 0.7881357
1241.0 10.893376 -12.24 0.61321783 8.873709 6.3829875 -13.736591 8.452435 0.42728025 -6.399299 -0.8183513 6.9299865 -4.018682 3.248985 10.139528 -3.6069973 -6.4352875 4.6032505 14.024488 -4.1982703 7.576197 8.183306 -0.9749306 -6.1376386 -13.3504095 -0.95482564 -4.4249187 12.526268 7.1891527 0.2054153 -0.018720498 -0.10501071 0.38513345 0.55107844 -0.28594193 0.29486617 -0.5569594 0.14957307 0.7031267 0.23826413 0.2502479 0.35307902 0.14955068 0.27059096 -1.0452754 0.41251284 -0.11607283 0.72502995 0.083875045 1.3257465 0.09925504 -0.4471569 0.3324808 -0.73097765 0.4915688 -0.3991497 0.88292396
155.0 5.2454267 -18.925978 -1.5650002 0.5699191 6.167283 -7.0733013 7.7265506 15.157235 -8.929129 11.746937 14.899545 -7.4525185 6.3603597 9.574277 3.48525 -5.405234 0.6773627 1.6804438 -15.7369375 -11.550603 -0.3901709 -3.9363985 -2.8365319 -6.191057 -5.9217 -5.3473954 2.9851272 9.505064 0.2606469 -0.15530166 0.71824276 -0.21233992 -0.050460972 -0.20261705 -0.09007109 -1.3496686 0.92618734 1.1476737 -0.20461282 -0.5674108 0.34997672 0.06770721 -0.078783296 -1.2546355 -0.06449811 0.20231798 0.5252502 -0.52327675 1.4499608 0.31581318 -0.016730042 0.31829402 -0.018971324 0.27839366 0.44555715 0.5305925
156.0 16.266525 -20.031952 11.05055 -7.987223 3.0084105 -3.7113237 -10.74231 5.2325187 -0.19145072 16.302773 6.8622336 -6.434844 4.8449006 13.687142 -8.798282 -0.35393086 9.238034 -2.1246402 -10.223034 -1.3088751 2.2923555 -8.937937 9.710308 -2.8942642 -6.303693 -11.230205 -20.686365 14.205638 0.3602333 -0.46354136 0.32845494 0.27859783 0.08130622 -0.50331867 0.07556635 -1.4157704 0.68431 1.1512647 0.72291267 -0.14636305 0.02152282 -0.55170614 0.35343814 -1.154365 0.18704982 -0.40811613 0.22500055 -0.4374002 1.6407921 0.3277293 0.31275484 0.13868167 0.5073094 0.37099415 -0.6005209 0.7930946
1066.0 -1.0033748 1.0386679 -19.148098 15.309059 4.4445066 -3.2598743 -3.4359543 -5.3647237 21.328026 -4.0473084 -6.726086 8.30165 2.4221842 -3.7646234 -0.079943836 2.3658762 1.6112137 -2.7063649 -0.66813874 -4.014357 -5.905186 2.8063557 -5.465863 -6.5416584 -0.037928194 -5.785652 -4.899841 -1.4026634 0.105808616 0.4136593 0.28460872 -0.0981245 -0.17150153 -0.37218875 0.20292562 -0.74359 0.19229615 0.49197724 0.2742504 0.33799317 0.11114262 -0.0047523947 0.2804631 -0.6690119 -0.16432342 0.34026122 0.298973 -0.402687 0.80997634 -0.05453279 -0.14516431 0.1622021 0.34404165 0.23277937 -0.06358235 0.48763868
157.0 9.286794 -25.706379 -6.148821 4.92263 8.671583 2.8339663 -5.193621 -15.137904 13.891746 1.9074136 -3.8096063 -2.2371318 -11.96912 -0.31911355 1.4929727 -0.7491614 5.256859 -7.660954 5.0963454 3.6206324 1.204481 10.099698 -1.4784974 -5.1871634 14.482352 -0.3407836 11.616355 3.8179874 0.22872454 0.22956549 0.5059416 -0.22259876 -0.3144358 -0.3295213 -0.09346382 -1.249096 0.74027413 0.45091933 0.051508836 -0.27416047 0.38619038 -0.2999623 -0.0800532 -0.49390915 -0.30733362 -0.1988388 -0.24040553 -0.2831424 0.9200837 0.13730617 0.29120559 -0.17601036 0.10358953 -0.041352313 -0.10679186 0.34632775
158.0 4.296498 -21.510824 1.0958985 3.7636201 0.9276785 -9.319463 5.89002 6.327399 -9.770282 0.21727142 6.3117633 -17.933937 6.2500887 10.020012 -1.8604723 -17.796568 8.049977 0.99605906 -2.1822836 -4.938099 10.662925 -3.689659 -8.665095 -3.573459 3.4853947 6.131293 -5.663734 0.42273936 0.48191538 -0.0005038306 0.4639082 -0.13128646 0.03925453 -0.5280532 -0.31560028 -1.6716712 0.77408755 1.1250885 0.6273509 -0.19939803 0.41219229 -0.32276016 0.21136452 -0.7523712 -0.3335969 -0.46532416 -0.20430359 -0.7221138 0.8967717 0.4217584 0.52038336 -0.24013102 0.55050486 -0.13226542 -0.41560346 0.71375126
159.0 3.633991 -2.5606234 -1.8382523 -2.9546614 5.4865794 -11.344394 -12.697587 2.140857 10.238265 9.625334 -6.187519 -0.30340263 4.971578 -7.4865255 -2.6033983 2.305086 -7.880326 2.5404775 -4.709966 -8.329899 -7.941877 -9.121152 10.540014 -11.234085 4.7048993 -9.475045 -8.957816 2.4259524 -0.41253078 0.13882755 0.021636803 -0.41527748 -0.5003637 -0.4824743 0.524477 -1.145532 0.1578033 0.87927 0.22409154 -0.9484656 0.43555337 -0.11798741 0.10765274 -0.7071234 0.11049261 -0.8364995 0.65092677 0.25710297 1.5911238 0.07150044 -0.402599 0.194536 0.6186826 0.72817284 -0.3438772 0.32203194
163.0 8.754283 -9.420674 7.177131 10.595882 -3.532172 5.9965825 3.2114637 -4.9301233 -8.855111 8.966038 10.069368 -7.3391967 20.261328 1.9132279 2.0119765 -11.169774 -0.48086813 10.902489 -8.120747 -13.54992 -5.604193 -4.208971 -5.49458 11.422277 -12.363771 -1.6746482 12.648603 -14.495462 0.8484725 0.2742834 0.21960261 0.16592947 -0.5125847 -0.47711524 -0.38265368 -1.2595191 0.6279709 1.0751939 0.08900292 -0.058060322 0.19894513 0.1629299 0.19164275 -1.2987404 -0.62183267 -0.06991421 0.30588698 -0.6555658 0.5033953 0.19908345 0.16649473 0.028076883 0.053027734 -0.21571708 -0.08654163 0.68750715
1218.0 9.994933 -13.520796 0.35093617 -8.925741 11.176462 -1.5127559 -28.554401 4.0359654 17.668125 4.0405717 17.376797 8.456979 9.238606 -1.935346 6.649209 7.289678 0.17002586 -3.8493304 -17.204659 -16.325184 0.059239894 -7.7491875 8.646224 -4.962033 -0.98173606 8.641938 0.7519792 4.841964 -0.3457091 0.37510532 -0.15271308 -0.114748694 -0.62426823 -0.30884343 0.30776635 -0.6339673 0.052423865 0.46592066 0.29707015 0.14591941 0.12859702 0.16678207 0.2065366 -0.7390415 0.13260391 0.22730759 0.53978735 -0.25719288 1.0482881 -0.39564824 -0.47569445 0.42184 0.42411596 0.5251639 -0.061388172 0.38526538
165.0 -0.50457174 -9.790921 -6.5724125 -6.2576337 2.6173756 2.1123545 18.967325 13.89967 -13.653219 -7.992436 5.868153 5.624254 6.3441925 1.120581 -3.7004921 -1.422526 5.934731 -6.9215093 -0.26681203 9.0164995 -0.9335085 -11.002822 5.041279 0.25313228 3.3397753 -13.673077 -4.209114 8.646525 -0.70021284 0.2914424 -0.044696834 0.14948142 -0.696649 -0.41837072 0.64463603 -1.8632169 1.4499372 0.18865775 0.3406706 0.0046176207 0.08207775 -0.36388883 0.06912455 -0.5154818 0.67913777 -0.31434137 -0.3618212 -0.31204915 1.8770205 -0.09314943 -0.54963887 0.2313092 -0.111817956 0.48616636 -0.10668907 0.6127276
166.0 -0.47930214 -9.518565 10.773511 5.303475 5.526697 -4.5101547 -3.4872057 -6.0591226 22.654814 -7.3623657 20.752354 3.0010347 1.9890268 3.4458797 0.21438825 9.201596 -1.1215041 -15.397268 -13.922851 -7.0428615 -11.966976 -5.5962257 -4.313068 -4.965315 -0.6915513 1.831398 6.01755 0.5051356 -0.14476141 0.066480935 0.43048167 -0.19429816 -0.49676317 0.029291205 0.088744834 -0.95506525 0.53123444 0.48169795 -0.26250523 -0.531602 -0.030174911 -0.018680202 -0.075239144 -0.7281875 -0.15710507 0.555327 0.32806534 -0.34323844 0.78793055 -0.23130926 -0.16085023 0.35068372 0.43376404 0.13654916 0.6668704 0.11515623
167.0 -5.099356 2.6355467 -0.31416476 -7.480756 -8.179566 -0.46342945 7.4803123 4.629978 6.9378505 -7.1676917 6.2686267 -15.209912 16.543684 5.2135 -7.9480076 -4.476878 8.242559 -0.7597178 7.596396 0.7284356 3.6683264 -3.1479917 8.220005 -8.169004 -0.73839283 4.4003835 4.712971 -8.933498 -0.53008074 0.6835175 -0.20432991 0.3150411 -0.57184786 0.174308 1.3883163 -0.3928051 -0.40695402 0.76917326 0.22515745 -1.1200364 0.3075878 -0.08332202 0.07774579 -0.5371401 0.28641582 -0.47584134 1.8361231 0.3467123 1.2883818 -0.36625883 -0.5113666 0.98852676 0.20156224 1.0231066 0.12933786 -0.25509638
170.0 10.739194 -11.156556 9.239317 -5.5885434 2.3320987 -3.2361815 -1.7250918 -11.8836775 -7.042186 3.6973176 -0.36746144 -3.627623 11.643769 -0.83798194 4.5788364 -1.1090068 6.693973 2.5242264 -5.0006313 -6.445812 1.797552 -7.16218 -0.7968411 10.074907 -3.7172506 0.86815673 -8.026541 -3.6838403 0.39686245 0.29410687 0.88901585 0.046386346 0.24797732 0.41346392 -0.10515212 -0.90926087 1.3133036 0.7002526 0.043171797 -0.6416148 0.51311886 0.08145644 -0.6747979 -0.4977738 0.72174567 -0.13366449 0.6041525 -0.111538544 1.6908706 0.6086906 0.4843183 0.47101754 -0.60898477 0.25264898 0.23976919 0.026058668
171.0 4.7013435 -2.5007694 0.32017696 4.588776 2.741718 -6.814658 7.861955 -4.5160823 1.0674905 -2.7970595 1.6322942 -4.8736577 7.6711173 9.878723 -4.069206 -10.549388 7.780972 -2.9665246 -7.1472 11.39809 2.6072345 -8.202975 -5.9683633 -10.003936 -10.178969 3.4154596 4.8293834 -1.0275198 -0.4740697 -0.3402003 0.39925566 -0.22046727 0.11668928 -0.19807768 0.32531708 -1.2288796 0.11799052 0.64089704 -0.30179593 -0.746642 0.69173527 -0.20203196 0.23151134 -0.86084664 -0.004580903 0.08375033 0.6203353 0.16898297 1.5705148 -0.20811161 -0.63993335 0.18316716 -0.19160618 0.8080576 0.2990492 0.5741108
228.0 0.4748137 4.3962636 6.4558487 3.368211 -9.729168 -10.410055 -1.6617754 7.8513656 11.322819 -3.119187 0.91038525 0.43099406 0.1290921 0.20762187 -5.3611374 -1.982012 7.471702 0.30239338 -0.885085 -4.0942903 -14.725013 2.3186758 -0.19327478 0.68927866 7.6093717 -6.9789734 -9.394653 3.7096317 1.4738541 0.70652914 0.66867685 -0.24075231 0.3788642 0.12098842 -2.1240726 -0.069927305 0.54320306 0.8700084 0.5622925 0.93264604 0.3893236 1.772439 -0.99070907 -1.2036145 1.4994085 0.19076982 0.9103468 0.24389854 1.4707363 0.4230949 0.081264086 -0.06536339 -0.8949868 0.29581887 -0.6821726 0.78214836
172.0 11.317632 -19.740906 -12.767157 -6.238612 7.220278 -12.39377 -15.091295 16.173397 24.593302 15.402707 -1.1515458 -7.504848 12.552196 -4.543378 -8.647141 13.909233 -1.78817 -5.913421 -22.259905 -10.912738 -4.7536025 -7.2554793 13.31183 -8.4669285 -7.3912516 -9.890797 -33.543385 9.339511 -0.2924703 -0.51305157 -0.16065504 -0.11832183 -0.42874822 -0.3050288 0.0022457573 -0.25703302 0.12803471 0.081410155 0.22395365 -0.22518452 -0.47850436 -1.0286534 -0.24227692 -0.19377762 0.8099752 0.015240446 -0.35564756 0.25595063 1.6134163 -0.4758061 -0.0403801 0.3603048 0.7400561 0.24456468 -0.5741124 1.111926
173.0 -5.955865 -4.9786263 2.4357002 -7.614316 3.4433367 -9.081238 -1.5953848 9.541193 5.514746 5.6590075 8.356293 -12.473835 9.171279 -3.3747046 -5.6523438 7.616809 -3.2476366 8.795557 -1.0795426 3.3211203 5.097385 -8.044889 11.021316 -7.8644814 -7.7300777 -4.747358 -0.9648841 5.137666 -0.39760223 -0.3292349 -0.8004084 -0.077981845 -0.06709062 -1.2826674 0.113530606 -1.7381668 0.5620087 0.09967485 0.61574453 0.7729846 0.03442774 0.0046570143 0.8052671 -0.70960426 0.08837289 -0.6798072 -0.9652882 -0.25839487 0.95359963 -0.46774647 -0.36957112 -0.48315153 -0.0069037536 -0.21472372 -1.3008559 0.97814065
0 0 0 0 0 0 0 0 0 0 0 0 0 0 0 0 0 0 0 0 0 0 0 0 0 0 0 0 0 0 0 0 0 0 0 0 0 0 0 0 0 0 0 0 0 0 0 0 0 0 0 0 0 0 0 0 0
176.0 8.664863 0.19568759 7.3002734 -8.1525345 0.55929875 -8.734569 -9.249036 0.83203787 -1.9585495 1.6274626 -3.9782684 -10.432896 3.5252104 1.7145772 0.4070714 -7.751999 -7.4609733 5.713247 -9.695713 12.275769 2.5906212 0.5677037 1.9192269 -7.9623704 5.022198 3.3683105 6.6141157 -11.81404 -0.39976087 0.19479544 0.33393332 -0.17996824 0.38521004 -0.30963138 0.14640437 -1.5819799 0.22801027 0.62415534 0.21190293 -0.32492357 0.8050785 -0.12655498 0.07069703 -0.67430115 -0.23006216 0.16580126 0.037408322 -0.16487259 1.005202 -0.1244054 -0.5389286 -0.37966308 0.25775027 0.40392622 0.060473904 0.5557771
177.0 2.2886865 -12.390587 3.4396923 -7.687882 4.3734226 1.9109375 8.700195 3.2141135 -5.5153155 13.629471 -11.422967 -16.746605 6.732084 0.79648316 -3.3980122 0.7719357 3.0662036 -3.936183 -3.877182 -1.1261685 3.2707422 -3.1418464 16.044603 2.4607973 -0.3258078 -6.0013804 -19.743328 -3.6650074 0.9704202 0.71638656 -0.5980291 0.2640693 -0.73411655 -0.34477583 -0.537816 -0.9128972 1.0639352 1.0878448 1.0799702 0.36030048 -0.26558307 0.24047627 -0.011209573 -1.1968246 0.5065345 -0.52777976 0.4171866 -0.7419098 0.8788304 0.46349257 0.2961747 0.5184596 0.51812536 -0.10032089 -0.79136646 0.75985974
178.0 3.0785058 -13.860286 -9.057192 -1.7657695 2.6620414 -11.696704 12.183684 -4.182539 -0.3353234 -0.22141242 -16.989555 0.6331405 2.5341296 -3.1430352 -6.2455573 6.697611 -10.10323 3.4948459 -3.7238693 2.2468612 -6.6107397 0.0072309338 8.999489 -8.20633 4.321226 -6.8353105 0.08151982 6.236721 -0.9605779 0.26765928 0.23072019 -0.5102783 -1.1736532 -0.24646595 0.23305081 -1.4245265 0.52380085 0.2640982 -0.26188663 -0.07114773 0.17987323 0.15330517 -0.048462436 -0.84691525 0.08320189 0.82847434 -0.0987329 -0.38290742 1.2377342 -0.7226411 -0.8892403 0.13707075 0.3068195 0.5053546 0.72987926 0.4003288
179.0 9.06858 -0.49069688 0.11159472 -6.400858 11.548239 -4.4107456 5.2784286 -3.76323 6.847543 5.7629437 4.8118267 1.3869082 3.4053342 3.7988265 5.67306 -22.965078 -5.266872 -8.215021 -15.670275 3.2573705 11.282659 -11.2442875 2.8617325 -4.8504305 4.270794 9.593112 1.3990903 -2.991795 1.6943088 0.49585852 0.27404273 0.951256 0.37076816 0.21000442 -0.6889607 -0.7410302 1.63516 1.0584016 0.88417244 0.59078795 0.24001172 -0.24854007 -0.43892682 -0.71972126 1.031454 -0.658328 0.27431667 -0.48640904 1.4394406 1.2203153 0.8460084 0.6276109 -0.9351857 0.24119757 -0.82433563 1.0342963
180.0 2.28176 -8.619076 -6.641903 2.6320693 3.7072582 4.482142 -3.3219504 11.777119 1.1829102 11.562653 7.079195 -6.9139347 5.684328 -3.6389222 2.9351637 -1.4314644 -5.0474253 -0.44956702 -13.534618 -3.7465537 -10.981457 3.30021 -11.499657 -7.272214 -8.243445 -7.3665566 -0.22336079 1.1001203 0.8424423 0.21996829 0.044238117 0.38002017 -0.31260064 -0.23569411 -0.27387533 -1.0728223 1.0629976 0.7952499 0.71853364 0.12963921 0.41504356 -0.61688626 -0.020845931 -0.6611908 -0.038234316 -0.72531253 0.12460508 -0.2122153 1.099886 0.51400924 0.6445044 0.13652363 0.040954627 -0.0022832223 -0.7273099 0.62952554
182.0 -2.7806222 -9.450215 -1.1861042 10.603451 5.338064 -4.393319 4.112563 -2.881682 -2.4175203 6.683373 11.262139 -4.539873 -6.443641 -0.30447704 0.21477835 3.4986618 -1.2442473 -7.9246893 6.8116274 -18.42839 19.542255 -6.356821 -2.959185 2.2267973 -4.2296715 12.760842 2.8428912 -8.415684 0.22806686 0.52036095 0.46352607 -0.01021407 -0.39529017 -0.16040286 -0.19861239 -0.9051882 0.23563737 0.35093457 -0.12316519 -0.113293104 0.50437003 -0.10652719 -0.10583628 -0.58114135 -0.5694852 0.15994759 0.1508568 -0.14625716 0.5325169 0.04036814 -0.09494042 -0.055831995 -0.05863487 0.1682743 0.16313927 0.3381276
0 0 0 0 0 0 0 0 0 0 0 0 0 0 0 0 0 0 0 0 0 0 0 0 0 0 0 0 0 0 0 0 0 0 0 0 0 0 0 0 0 0 0 0 0 0 0 0 0 0 0 0 0 0 0 0 0
185.0 9.463574 -1.6900123 -4.091735 5.5617876 -0.6413695 -5.589211 15.237607 9.0480585 -8.866269 5.068085 15.690815 -2.0161176 -0.3313536 3.0806694 -1.624894 1.2630256 -1.9265281 -7.5596313 -2.3249283 14.361566 16.767202 -12.722339 3.8785088 -3.9415889 0.13261093 -0.51719606 4.5486493 -3.7579503 -0.6151577 -0.20024039 0.6792699 -0.983864 -0.6621552 -1.0423335 -0.5886584 -2.257356 0.18454146 0.71820384 -0.6888274 -0.33623564 1.118652 0.043086678 0.2101 -1.2203772 -1.2206029 0.17149782 -0.685284 -0.16031528 1.1137794 -0.25402993 -1.2985034 -0.94165057 0.328236 0.38901073 0.4286423 1.338319
186.0 0.6609572 -16.841553 11.861214 -5.5872045 8.645681 1.491628 -4.3809614 1.1926202 13.554735 7.213426 10.033276 -9.9022665 6.0460467 4.072186 -1.6393772 -8.357988 5.8694468 -0.56381977 -13.31926 -15.329982 15.610872 0.6465432 -2.1680136 -8.913841 2.715603 5.341755 9.782594 0.16654524 1.2530842 0.6447507 0.48563242 0.37548128 0.13281909 0.14394724 -0.26054853 -0.6511109 0.98478085 1.4448282 0.5041446 -0.12606369 0.29998308 0.0075977026 -0.32058358 -0.93899184 0.3450684 -0.15170884 0.85615474 -0.6790134 1.0824717 0.87016594 0.68857354 0.67825574 -0.081140034 0.20300204 -0.09076092 0.4956091
0 0 0 0 0 0 0 0 0 0 0 0 0 0 0 0 0 0 0 0 0 0 0 0 0 0 0 0 0 0 0 0 0 0 0 0 0 0 0 0 0 0 0 0 0 0 0 0 0 0 0 0 0 0 0 0 0
193.0 2.5006864 -14.249193 -1.8511424 2.3962 9.554183 -5.6993966 10.142368 17.019476 -7.7386293 -5.695149 26.107964 -2.7861176 8.828227 3.7345648 4.205102 -11.317296 -1.9749687 2.1542082 -17.564392 7.341579 -3.8925943 -16.310146 0.80782205 -9.003964 -8.536766 0.73691773 3.057101 13.27316 -0.050041206 0.075975716 -0.16018656 -0.33309695 -0.68410414 -0.5750025 -0.00033870758 -1.2317314 0.35737813 0.727627 0.01331169 -0.50407547 0.13807088 0.25998604 0.23007418 -1.0909425 -0.16595136 -0.3299719 0.4846236 -0.10244897 1.0113031 -0.262485 -0.27515313 0.07925821 0.35406876 0.03680046 -0.23398305 0.39259675
194.0 1.0606271 -0.867344 7.217262 2.9787729 -2.4681377 2.420363 2.1550398 19.393707 4.1657567 8.386887 17.970058 -10.929224 -4.0490203 7.366616 2.9606943 -2.3066614 -4.3881116 -11.427452 -10.167948 9.545014 8.404078 -7.547491 8.636291 -2.8160682 3.5064008 9.221653 6.746115 -4.1760736 0.38863507 -0.40219367 0.3585516 -0.4513535 0.59611416 -0.8073865 -0.48948938 -1.4391589 0.30475095 1.4956247 0.709411 0.17336065 0.19495821 0.51324326 0.40729132 -1.3242338 0.3126899 0.16259849 0.42443424 -0.7890875 1.2985173 -0.07285872 0.30292746 -0.28076562 0.6327641 0.20085204 -0.5273535 0.46777853
196.0 16.831913 -14.369376 8.218858 7.268424 5.4172955 2.9547198 3.7000208 5.663311 -14.005501 4.5600877 0.5861778 -7.3727875 -4.434295 13.927019 -1.6264225 -9.188588 8.159163 7.8605976 0.51137346 3.493471 -6.5731325 -8.3368 -8.199805 -0.17680052 -1.6972427 -14.110544 6.400638 5.224278 0.18338665 0.48803073 0.4552972 0.34764686 -0.13197608 0.09986242 0.016783964 -1.3789353 1.1593201 0.71885395 0.089788705 0.024603505 0.8755531 -0.396732 -0.4881925 -0.6768632 0.12930807 0.31023747 0.087825716 -0.57935375 1.4072907 0.22004467 -0.24181226 0.36434034 -0.6668172 0.71789825 0.44931522 0.7550065
197.0 1.2145786 -37.26731 8.64513 -11.147514 -0.36860391 -9.520617 5.6482167 9.910299 -15.0100765 -2.114485 -2.7412207 -4.82033 1.4069264 12.998524 -5.9785566 -0.8606786 15.647519 -6.357685 -4.398796 -4.6226077 7.6824937 15.226066 -7.5127273 -12.496889 9.184585 -7.331369 6.818574 7.522609 1.2246567 -0.12312067 0.41459724 0.5477411 -0.02501749 -0.13502514 -0.37503424 -1.258642 1.3035792 1.1426708 0.9034238 0.03970074 0.28036168 -1.1298379 -0.041600168 -0.5949618 0.1323813 -0.94336754 0.023530604 -0.5589863 1.5237473 0.9781513 1.1994867 0.2593113 0.020560678 0.20198192 -0.8378659 0.9911254
199.0 8.548937 -18.24985 2.5234926 -5.6246862 1.0145974 -8.8636675 -10.418676 -2.1170547 -8.090174 5.2064195 -6.3680673 6.7419643 2.7371817 -8.357443 -2.9406364 1.3718132 -9.734952 9.637215 -13.661656 -0.8208797 4.6728573 -4.2177453 -4.191848 7.424543 -3.6982741 -3.9262424 8.454198 2.3938882 -0.32341558 -0.03362549 0.631642 0.24646947 -0.130134 0.41256005 0.5308137 -0.93501914 0.7922801 0.13538535 -0.29608977 -0.65414435 0.14557451 -0.16841422 -0.29630798 -0.75339454 0.6011466 0.40070283 0.857627 0.35148168 2.0914466 -0.25809383 -0.17530262 0.6550451 -0.5140786 0.86498684 0.6693866 -0.18066043
200.0 9.861074 -15.865009 16.210894 -5.7564774 3.1874688 -6.569253 -4.1901317 -3.3141072 0.5236299 -4.876551 -3.8620908 -5.8966007 2.6207175 0.6729562 2.8390157 4.3892784 9.795997 6.2006474 -14.277147 -4.6225514 5.690942 6.7401676 1.1466486 -0.24847615 0.79886717 9.651012 4.2002845 -0.7651072 -0.03896419 0.08649336 0.4135222 -0.27057564 0.39559624 -0.8173076 -0.41988444 -1.5895983 0.109141506 0.5953246 0.09555033 0.13752 0.6446489 0.7692279 0.15273358 -0.97599626 -0.24367294 0.23436539 -0.18732189 -0.103528276 0.86211556 -0.31833157 -0.4478257 -0.6326731 -0.2677862 0.13854069 -0.27298295 0.5665319
201.0 8.425135 -30.367432 15.419812 11.634397 13.828361 -0.056992464 0.759061 0.75354123 -2.7780473 8.619652 7.76296 -10.545103 0.2952845 0.17062879 4.5054283 5.3340282 10.61659 -6.8361316 -10.864975 -0.27830383 1.1930201 2.3016593 1.4454321 3.2048721 10.08743 -4.9253526 0.26457474 -6.075613 0.5843063 0.186346 0.15452157 0.29901293 -0.19069213 -0.44000855 -0.09855506 -1.1862861 0.51503134 1.0410562 0.5992083 0.20442466 0.62329113 -0.6100084 0.20997529 -0.8875038 -0.46779802 -0.19195071 0.18518682 -0.42551124 0.98965824 0.21769002 0.07095706 0.00030259788 0.02634722 0.36239323 -0.32109645 1.0506965
202.0 7.9608545 -12.615469 -9.541874 15.3946 1.1793733 0.13073385 2.786738 3.511211 -3.8076084 -2.50024 4.438391 5.781996 5.08107 1.277761 -6.3024836 -8.602243 5.4426403 1.9484059 -0.75641876 5.0561523 -8.991859 1.3779173 -14.00793 1.0798007 1.7608583 -16.032972 -1.3207177 5.2861285 -0.33868185 1.7231271 -0.7511494 0.395032 -1.3951635 0.55648834 1.098965 -0.26684785 -0.506404 0.32324374 0.26053312 -1.3375126 0.58092403 0.16247955 -0.42920962 -0.53645694 0.39868405 -0.7209039 2.25671 1.0516515 1.0322931 -0.43071598 -0.60440874 0.9478097 0.16457097 1.0932118 0.11172298 -0.6807022
203.0 17.447588 -6.8947043 3.8435068 -0.95597774 4.0786986 11.793958 -4.85654 -10.3783045 -12.073592 -7.5743837 11.805937 -9.099099 3.882804 7.6611123 2.282588 8.599453 -1.59737 -4.6885557 -13.905293 1.8029139 -2.6091323 -5.8694544 -1.7806041 -4.715481 -4.5868196 8.298949 -11.471415 -4.1306367 -1.0123434 0.33703405 0.65109366 -0.53989077 -0.54179704 -0.3679997 -0.060621414 -1.9417188 0.14007664 -0.020527013 -0.8149597 -0.3440495 1.5719197 -0.19545993 -0.31815422 -0.42903373 -1.1303536 0.76847893 -0.66230077 0.15046579 0.7676756 -0.7972145 -1.445808 -0.836559 -0.5369715 0.6070184 0.86807096 0.7563894
204.0 1.8804967 -9.600801 -2.7060065 15.86885 0.5590127 -0.8740658 7.290702 9.126128 0.71289015 -3.2019613 6.4434376 5.3853183 -1.66208 -1.561764 1.8278745 -7.927122 4.868577 0.4480207 -14.431419 7.0735164 -2.1614478 2.5984552 -2.9027836 0.6059569 7.3987427 5.6464643 21.70293 1.3861417 -0.19307858 0.27652735 0.8440457 -1.1378211 -0.29411653 -0.34736174 -1.3729043 -1.3604293 0.01733253 0.4936705 -0.064766005 0.07114743 1.2109951 0.6510525 -0.47108528 -0.81470317 -0.4157269 0.76329035 -0.17526497 0.13896205 1.1100231 -0.73862374 -0.6148773 -0.92044544 0.13321494 0.39240053 0.47336003 0.43424186
205.0 -1.2700527 -10.647205 10.280527 8.629793 -9.461146 -6.967767 5.900542 6.8233366 -14.004144 1.1824389 2.087155 -8.538814 1.8742437 6.219661 -2.4832141 0.06444997 0.25596052 1.0778786 -0.98148125 -11.813724 3.508714 7.788022 -13.5848055 -2.413147 -1.6778485 -6.34338 10.003688 -1.3000959 0.41127375 0.2301273 0.22102092 -0.06281745 0.1010969 -0.67371356 -0.30534932 -1.4875971 -0.24486953 0.85589814 0.14645734 -0.1500648 0.9667472 0.3776494 0.544789 -1.4909544 -0.98166305 -0.1431813 0.4159808 0.103993565 0.48044214 -0.0029519051 -0.7498327 -0.60588276 0.29177597 0.18086913 -0.14155461 0.8639203
1072.0 -3.8417556 3.6325758 3.5246227 0.0354644 -4.0801086 -11.339144 -5.696381 0.6102154 15.545279 -11.481916 7.725244 1.0446403 11.302249 1.695575 -6.83842 4.3007607 -4.1540537 -0.9875284 -2.4584835 -2.5260272 -10.870688 -4.6775537 1.9621747 -6.2044477 -4.008445 -5.598423 -3.0481782 -7.2169414 0.40419412 -0.23942429 0.43716428 0.122511126 0.04015872 -0.77362 -0.33893967 -1.5328454 0.65546244 1.0725234 0.18789344 0.36457446 0.36143726 0.20953368 0.27582052 -1.3849913 -0.30638346 0.38408652 0.0058684982 -0.69771767 1.0158932 0.17447431 -0.24590394 -0.10318357 -0.17632711 0.15373349 -0.08581829 1.1831737
206.0 16.027885 -6.0757937 0.17408374 6.1928287 7.3622537 -4.4734464 -0.9271695 -0.8096237 -4.5628805 14.68566 18.823574 -7.0093193 -0.9614021 9.953421 2.9519994 -10.124784 -7.6219287 -3.936851 -11.651952 7.1379237 14.977214 -10.674414 -10.806005 -4.0251527 -0.5700527 3.3035831 7.513021 -6.9890256 -0.17208293 0.52361166 0.6741707 0.0808338 -0.14222161 0.0044464394 0.21620443 -1.5928504 1.0847296 0.46184927 -0.10767923 -0.2791858 0.5051365 0.13282974 -0.14148645 -0.81653774 -0.020624643 0.3376155 -0.01048507 -0.38962165 1.2320668 0.22312084 -0.38008246 0.020673182 -0.27229765 0.18737812 0.45874807 0.2625315
207.0 5.29784 -11.535809 6.475942 7.4146557 0.6853598 -3.6568913 -12.96421 1.0293933 13.279416 -5.2713094 11.4362955 -11.0432 6.522899 0.5437095 -2.8831708 -11.915729 5.935976 7.0354977 -3.046705 -1.5502039 -2.747315 -11.9717655 -14.678634 5.133213 -4.3566265 -3.7077198 12.301793 2.184029 0.18496571 0.40534878 -0.09506188 0.26353234 -0.4255944 -0.41087025 0.3171964 -0.9108063 0.28087258 1.0736158 0.028357057 -0.25822058 -0.051839434 0.73229593 0.3544292 -1.6812388 -0.084910996 0.11834702 1.0376036 -0.35459742 1.096192 -0.03511924 -0.27388927 0.5526931 0.14085582 0.088008225 -0.062605 0.3522817
208.0 11.547462 -13.785689 3.5792527 -3.7096176 2.508534 -18.00805 0.03533502 -2.3091304 -8.767536 7.374156 5.9694953 -12.169319 6.8985057 5.3179283 2.7563498 -5.5667005 -2.2592766 8.813474 -11.2901745 -10.262152 -8.77112 -5.0455217 -8.431258 4.753645 4.3077793 -8.651893 -7.642813 1.4664894 0.80774015 0.11101446 0.17978656 0.77682406 0.0508338 -0.096051596 0.20651439 -1.0288697 1.2728324 0.9517029 0.5670142 0.044974312 0.25957578 -0.78178024 -0.18562256 -0.8346001 0.44662988 -0.5504897 0.35114837 -0.33196446 1.7253622 0.9347615 0.1993992 0.7366523 -0.4818349 0.5158889 -0.50277513 1.2192941
219.0 8.263367 -10.225778 5.600083 12.43726 4.8168316 -0.4967887 -3.6413577 -7.5420346 -18.165789 -4.3498797 6.147202 -1.2159411 2.101049 2.3264244 11.235207 1.3768457 -10.235309 2.5785334 -12.16807 6.109246 -10.944772 -7.7835226 -2.4620519 7.0730505 -3.6581504 -3.367774 13.654755 -3.770798 0.060042664 0.43226188 -0.26398414 -0.1744132 -0.10684238 -0.39442822 0.10621608 -0.47275332 -1.1821927 1.2616339 0.42479488 -0.60074526 1.125435 0.037948437 0.19184053 -1.2329136 -0.45514202 -0.3268345 1.6385499 0.49648303 1.0338297 -0.53770816 -0.83022743 0.08389923 0.4033698 1.222446 -0.2530498 0.5808376
221.0 -5.8212657 -9.888583 -9.04101 -1.4475244 2.0738256 -0.041435234 -1.9928592 20.322823 0.086735494 5.6820664 10.652352 -15.112073 -1.438606 -6.8924046 -2.3177607 1.2469736 -7.6472864 8.962472 2.3236165 2.9083755 3.4863977 -3.4179835 8.798201 -10.378177 1.5919461 11.7974825 4.140438 -2.801271 0.28736022 0.13134667 0.092699505 0.038866684 -0.59334326 -0.5515287 -0.121312924 -1.4117324 0.71988434 0.4834308 0.099762715 0.24138846 0.16703066 0.2424734 0.3893659 -1.2210085 -0.58642143 0.14706323 0.07297366 -0.45334125 0.7058303 -0.21466422 -0.03875593 -0.09745611 0.038768094 -0.2980739 -0.06195636 0.46586335
222.0 -4.5716515 -8.652594 -14.308153 5.256117 0.03403321 -11.139932 14.448045 -0.24564691 5.891997 -14.4744425 -1.2681861 -10.086101 19.177452 10.188696 -4.8794994 -9.292178 -0.6042094 -7.7164736 -6.227986 1.836218 -3.2769992 2.0896587 -16.992575 -12.262834 -0.116177306 -1.6160322 -5.390821 -1.6779163 1.5872287 0.2249473 0.36971626 0.23852493 -0.3697995 -0.18242508 -0.7565218 -1.3780389 1.1526176 1.7271032 0.837479 -0.1575204 0.6764131 -0.8344613 -0.11364157 -0.7970327 -0.38261122 -0.96625745 0.30590305 -0.65458083 1.0704246 0.99287164 1.1076151 0.24879119 0.18661031 0.016228396 -0.6003731 0.987789
223.0 -0.8866335 -6.8374953 1.8848739 9.037475 12.698768 -6.5607443 -0.64642584 -0.3011483 -8.691534 7.673119 12.990722 -12.7917385 -1.2863533 -20.178173 -4.217603 5.109205 -4.228685 11.185 -11.4815445 14.889738 -1.8151518 -6.6834393 -2.7183473 -12.437667 -1.8745228 11.566289 -1.2942588 3.7988534 0.52226555 0.049621202 0.76155984 -0.087397106 0.03569092 -0.49208364 -0.42881292 -2.0659852 1.452138 0.75203145 0.4314553 -0.07917936 0.35009345 -0.17326985 0.06514798 -0.7948731 -0.14753336 -0.5770229 -0.54509306 -0.41221082 1.3840072 0.75714314 0.47672275 -0.4055812 0.26559293 -0.27563393 -0.53260404 0.58946806
224.0 8.809736 0.8662152 -2.1155612 -0.47641432 9.111304 4.3573966 8.382076 1.4444654 3.1735213 -3.5548432 14.450935 -14.427821 5.119743 1.474292 4.208271 -6.235866 5.051613 -1.9311122 -18.212162 8.61901 6.4901915 -4.089398 4.0076647 -16.715002 -2.27313 11.656334 0.49439934 -3.3810549 0.914983 0.10461494 0.79832995 0.10753709 0.35824227 0.0065179244 -0.4117571 -1.3600644 1.29729 1.3182391 0.62102336 -0.28285208 0.47699994 -0.49209487 -0.3366495 -0.76243985 0.60774356 -0.4827623 0.29440713 -0.49297252 1.8759701 0.9183203 0.71628124 0.36310136 -0.011948758 0.38551202 -0.29140297 0.7948312
226.0 6.9588237 -2.2031286 -4.35809 3.3415506 -2.7058465 15.39392 2.1027932 1.3267776 -9.723371 -12.240665 7.6206365 -6.0904236 5.8442864 5.0542116 2.1989696 1.3980228 4.686155 -2.0187411 -10.83691 8.11664 7.1795344 -1.7174807 1.7975869 -2.0028954 -10.0241 9.909752 1.9017439 -7.3888893 -0.8352696 0.78102493 0.7911318 0.45444122 -1.6558906 -0.311113 0.3659168 -2.4923146 1.0439165 -0.5441005 -1.4251038 0.18503259 1.8506973 -0.76560336 -0.036684625 -0.70282125 -1.8664244 0.982835 -1.0658145 -0.17228296 0.9458765 -0.67554533 -1.4299544 -0.4640235 -1.6487893 0.61683714 1.1306404 1.1743367
229.0 8.574376 -14.703347 -2.690864 4.897807 5.1621704 -4.9146605 7.222635 8.647899 -12.782286 8.874049 17.094318 -8.130584 9.550939 10.147294 1.2706212 -6.892227 -1.2731723 4.111626 -10.959727 -11.984971 1.1172208 -4.893649 -4.270673 -4.1554074 -5.890065 -4.78518 -0.8404872 7.2285533 0.10056665 0.07679556 0.64208484 -0.4091737 -0.6875617 -0.25055298 -0.275606 -1.4239936 0.4999347 0.9507638 -0.38633227 -0.6965674 0.62784123 -0.066814035 -0.040896516 -1.1091716 -0.77842164 0.10689196 0.37556392 -0.26633298 0.9611007 0.045464993 -0.3740219 -0.12755728 0.20558949 0.2854478 0.61750895 0.4562326
230.0 17.87311 -17.181717 -4.2229986 8.84219 7.271283 -9.2689295 5.386236 5.01053 -15.585491 0.31761956 5.7651687 -2.0480478 11.610526 6.1960135 0.30223787 -1.2443023 9.535901 8.906593 -6.5220075 -1.7750331 10.365957 -7.4384003 1.1877817 0.1100823 7.4057727 -4.0348687 -7.704375 7.926542 0.05173482 0.057356097 0.16206345 -0.093675636 0.10571171 -0.5816431 -0.63499624 -1.8181411 1.146056 0.25136766 0.3646192 0.7451521 0.6529536 0.017205073 -0.22978474 -0.63952976 0.32556406 0.053917423 -0.8595539 -0.3235417 1.4783205 -0.19177407 -0.09248511 -0.6188633 -0.71813077 0.1568057 -0.5018662 0.9188369
0 0 0 0 0 0 0 0 0 0 0 0 0 0 0 0 0 0 0 0 0 0 0 0 0 0 0 0 0 0 0 0 0 0 0 0 0 0 0 0 0 0 0 0 0 0 0 0 0 0 0 0 0 0 0 0 0
0 0 0 0 0 0 0 0 0 0 0 0 0 0 0 0 0 0 0 0 0 0 0 0 0 0 0 0 0 0 0 0 0 0 0 0 0 0 0 0 0 0 0 0 0 0 0 0 0 0 0 0 0 0 0 0 0
1236.0 8.851716 -0.17577544 -1.6863245 -10.856243 0.9728527 -5.4448295 0.49230683 0.50255877 -3.4751601 0.4738464 9.442686 0.038655914 16.013893 2.52501 -8.235636 3.049378 -7.0856085 -1.7367908 -11.034785 16.565636 7.053359 8.694343 -0.3722878 -14.505688 4.9995127 0.60486716 5.3351336 -5.0648885 0.88946176 0.17329374 -0.62109196 0.89216036 0.27642378 -0.47401452 -0.05484693 -0.8244101 0.7871728 1.10933 1.134974 1.0536357 -0.8163869 1.104978 0.78751075 -1.7264739 0.9764186 0.20652533 0.96711147 -0.8287236 1.234817 -0.08008593 0.20768192 0.83240926 -0.37743717 -0.0719358 -0.98489714 0.5969339
249.0 3.1283376 3.9503722 0.6137046 0.2652275 0.101874694 5.661815 -6.6223025 12.326906 10.565691 -3.643177 -1.5654927 -1.8076211 20.123472 3.4272196 -4.120232 -2.2954085 -6.7708573 5.576066 -18.426205 -5.869297 3.2903068 -8.183756 8.155964 -2.9245768 -1.7422717 -10.566578 2.5821505 1.3718705 0.027250806 -0.12838757 -0.22579262 -0.29651874 -0.05802473 -0.63396645 -0.2589802 -0.8869823 -0.5871379 1.3499647 1.211227 -0.3235612 0.22792473 0.14309919 0.2070928 -1.0522982 0.10745975 -0.229966 1.3037301 -0.11270729 1.0618483 -0.56771934 0.26807353 -0.18160082 1.1050414 0.7614046 -0.7552603 0.07015848
0 0 0 0 0 0 0 0 0 0 0 0 0 0 0 0 0 0 0 0 0 0 0 0 0 0 0 0 0 0 0 0 0 0 0 0 0 0 0 0 0 0 0 0 0 0 0 0 0 0 0 0 0 0 0 0 0
255.0 3.2349396 -7.8899803 -5.7432485 -10.958365 8.796126 -6.9024577 -6.049602 -2.1503663 15.49602 -0.54416645 4.1879783 -6.5469685 3.3199923 -8.434333 10.720699 19.505821 -1.9693828 -8.655051 -14.551623 -4.0995164 -6.579069 -0.8768427 8.306362 0.9244344 -4.919216 1.0823019 -10.310791 1.3455235 0.45795196 0.52190286 -0.00293 0.14376107 -0.34008127 -0.19852191 0.1882699 -0.8668169 0.48454103 1.0325323 0.65161204 -0.22560184 0.26152456 -0.29114258 -0.036695242 -0.731689 0.22205105 -0.40554968 0.82028794 -0.3669313 1.2251644 0.32215843 0.33019334 0.555164 0.47995347 0.4296974 -0.31962934 0.5246814
258.0 6.7762585 -16.789162 -0.6368327 8.24523 12.312268 1.8734214 0.33244634 -12.96345 -8.536154 9.570772 -4.9299006 -18.51105 -5.2432714 -10.9355955 3.9192238 6.7447586 3.9948957 2.105393 5.6946282 -5.0903215 -2.5744133 -0.37659964 -0.7909025 4.2397676 7.476873 2.861168 -10.189497 -4.6687284 1.1158334 0.34901997 0.5054617 0.39288515 0.150303 0.17821106 -0.3577802 -0.9608866 1.1365656 1.1384542 0.85824215 -0.2140476 0.50089335 -0.81240296 -0.4939769 -0.40923342 0.026341038 -0.4595729 0.18626599 -0.56772727 0.93055177 0.8714316 0.766263 0.24146757 0.10322306 0.28877857 -0.18760146 0.66083694
260.0 -0.9160402 -22.825573 1.7504066 -10.044076 8.7048025 7.7373157 -3.160759 2.560261 18.515738 7.1392817 10.74194 -7.2447724 10.824496 4.5636563 2.5909207 -8.3791065 -1.2842605 -6.89902 -12.144173 -4.071259 11.848763 11.868004 1.4221146 -7.1490555 11.512696 15.443517 14.141602 -2.2319415 -0.65112114 0.32590932 0.60955113 -0.40202767 -0.47674337 -0.098724104 0.10190655 -1.3314543 0.4518957 0.17716981 -0.4312598 -0.2434883 0.9041618 -0.09646715 -0.2340581 -0.5282775 -0.40240866 0.5958045 -0.15740365 -0.07222081 1.1784008 -0.43230143 -0.8430127 -0.09427369 -0.21047197 0.5100883 0.76251155 0.41577506
262.0 -6.6011586 -12.371333 0.8308698 -7.235383 4.4478374 12.695168 9.822223 -0.8127574 7.578536 -0.43845886 9.775756 -5.5481873 3.27387 -0.3246547 -3.053638 -4.0493097 10.946145 -3.095059 0.19738877 -3.938116 3.4416893 6.616299 0.25520238 -2.379879 -0.5026355 -2.673893 9.19074 1.9065894 -1.0297122 -0.21273276 1.1157452 -0.77992487 0.19652764 -0.11769097 -0.21088654 -1.6188966 0.64670247 -0.0151686855 -0.35345563 -0.3915018 0.9076732 -0.12680027 -0.627001 -0.20152655 -0.25996807 0.88452035 -0.91313434 -0.077824816 1.0856593 -0.43342224 -0.85266995 -0.6734713 0.1260919 0.34527096 1.0827702 0.33417472
263.0 14.393047 -19.01977 -12.460689 -1.2122952 2.9774575 14.348926 -8.960095 2.1467068 -3.0626693 11.352897 11.28165 1.744333 4.413451 2.907744 3.199962 -3.0913625 -5.801262 5.6165056 -4.666401 -4.3644443 -3.7715821 -0.6078885 -1.8817041 -0.46498197 -0.80389977 -10.912955 8.564544 6.363641 0.4047881 -0.39080656 0.5286179 0.34209117 0.44630232 -0.2960112 0.031088386 -1.424267 0.9808999 1.0907089 0.7978089 0.035590917 0.15973356 -0.7062791 0.1790821 -0.8555916 0.32732648 -0.14051372 0.0031159502 -0.7071672 1.5691403 0.4289066 0.46977457 0.16547829 0.38697678 0.36725008 -0.3920216 0.9443151
265.0 -1.4656596 -19.577229 -7.673818 4.0438795 14.029827 6.1425676 -10.039764 8.540481 3.8626723 10.949623 6.9088397 -12.770599 7.5281672 -18.895187 0.35144436 10.531421 8.512573 2.3263154 -12.489499 14.959012 1.0248251 15.700565 1.073456 -7.2065725 9.312739 9.39346 -3.1737986 -0.7355416 0.51546454 0.1639013 0.7005228 -0.40522286 -0.32103118 -0.25646198 -0.6865893 -1.690631 1.0550513 0.57379717 0.67467827 -0.24911173 0.19642332 -0.40154114 -0.13004673 -0.2539623 -0.17320973 -0.7788812 -0.50818276 -0.3208289 1.0645945 0.499871 1.0615047 -0.5359133 0.7647663 -0.32086912 -0.74595827 0.114659615
266.0 7.084419 -7.0002246 -11.323491 8.610114 3.4982 -0.54353243 13.963084 5.079278 -11.597245 0.16435379 12.182102 -8.682444 0.039963543 1.3307887 6.3256087 -6.981458 1.6444647 -2.0539918 -9.823021 3.3930235 4.611295 -4.3691444 -8.177396 1.7117631 9.980649 5.478189 0.36262587 -1.8020047 -0.22201344 0.73513025 0.45706758 -0.041290276 -0.8440408 0.18758947 0.29216397 -1.1785403 0.42667326 0.7298658 -0.12632455 -0.6276182 1.012653 -0.5751642 -0.37085143 -0.45936555 -0.30400607 0.039730154 0.45218086 -0.0787051 1.0994174 -0.04394237 -0.5541788 0.3234546 -0.09178688 0.86171734 0.6981731 0.5760401
268.0 -0.3293579 -10.539559 4.2409267 13.971213 16.02173 8.226904 11.597601 -8.876355 -2.981794 7.0561924 14.678528 -7.218336 -0.8874766 -1.0700299 2.8789737 -4.10857 -2.8215377 4.0285068 -6.0960155 -5.44256 4.1336393 -6.483086 -10.284582 -5.3591213 -7.8611183 -2.4849339 4.3359017 2.484451 -0.1737692 -0.05597221 0.9379546 -0.4378165 -0.051286146 -0.123318605 -0.45733908 -1.3787172 0.3915446 0.480724 -0.27554715 -0.5892733 1.2371782 -0.58096707 -0.72774523 -0.39975786 -0.6683615 0.15452749 -0.502959 0.054930594 0.8660664 0.10109253 -0.6559639 -0.6139792 0.020864174 0.4506866 0.741786 0.86343086
269.0 -2.8091557 -22.426186 3.2929695 1.9825726 -0.8000292 4.5813093 7.137915 8.725821 -13.269298 4.400621 13.247957 -11.082182 4.288334 -1.3253171 -0.9771881 -1.4047922 -9.769756 -3.633791 -2.157214 4.807096 -4.5664783 -7.7781515 2.3384798 10.146719 -6.096801 -0.20455146 -7.4313545 3.0454304 0.6996819 0.46677434 -0.050401945 0.14066544 -0.5296158 -0.58722 -0.16098277 -1.1351885 0.6058631 0.851506 0.14533122 -0.10152215 0.45493957 0.22808479 0.060078677 -1.2574815 -0.45706922 -0.44733435 0.32557955 -0.23269138 0.76683944 0.3601746 -0.31971115 0.09168137 -0.024688838 -0.034606367 -0.33903638 0.7535099
271.0 3.9748032 -14.239747 -4.7812724 5.672122 10.799261 -8.584363 12.229342 8.9102 -1.8688165 -3.9788368 11.679436 -4.582815 6.6464353 7.7931623 -0.19978702 -2.704099 3.2751358 -5.120608 -14.234893 4.917591 -4.21297 -10.684588 -0.6541038 -14.795316 -1.8999074 -5.4785924 12.357064 3.6358385 0.2784293 -0.12291511 0.7158577 -0.5712963 -0.46906137 0.015071958 -0.41383293 -1.2209471 0.96163464 0.74965644 -0.07422124 -0.7335068 0.7694302 -0.7087968 -0.4698314 -0.27473155 -0.009151659 -0.52963245 -0.08814848 -0.0751581 1.4332349 0.3552579 0.40139022 -0.033501413 0.018870322 0.20900092 0.080287956 0.38888898
272.0 5.6613555 -3.8940852 -9.221955 -8.881111 -1.6567056 -15.014212 7.4058394 1.7797003 2.0586848 -6.6143093 10.240941 1.8816509 16.39259 11.266437 -7.5927687 -7.8022366 2.169865 5.579192 -4.9871545 9.690329 0.5183093 2.9882956 -7.024717 -12.692978 -5.5222735 1.4836365 6.956966 0.31626132 0.099934965 0.45961386 0.964231 0.09974725 -0.530436 0.4668901 -0.06029727 -1.4959927 1.4170597 0.4137628 -0.16892724 -0.59407 0.67742294 -0.3465473 -0.6925877 -0.30991727 0.45743287 -0.053025775 0.31625807 -0.08103487 1.9247587 0.34321573 0.40883058 0.3677009 -0.7200187 0.658205 0.36908892 0.16605139
273.0 2.313661 -12.347933 -5.5746684 5.368131 10.981384 -13.727259 5.2936764 -0.17640306 -4.43198 -10.530529 8.6328125 -2.807411 9.779005 -8.3050995 12.565767 -1.5178596 -1.2615346 13.277668 -10.41663 -1.0263383 -14.329606 -2.9225483 -6.9480977 1.0077697 0.3811509 -1.6288352 0.7007304 1.4590398 0.06551127 -0.11990857 0.8564271 -0.57939315 0.29249856 -0.28575358 -0.619375 -1.5389134 0.82037854 1.1611037 -0.09114355 -0.39303946 0.83379006 -0.0082675 -0.24055018 -0.9201287 -0.0942091 0.21152055 -0.08378076 -0.5881694 1.2183572 0.2995492 -0.19482514 -0.1815151 0.18305326 0.24119148 0.42663115 0.7530904
274.0 1.3514515 -5.3427258 -10.180854 -0.0311246 -3.6465278 -8.960128 19.791027 2.614634 -0.13703635 4.1071568 2.319249 -0.40277234 6.956457 10.532913 -9.37209 -16.910025 -8.401924 -1.0623852 3.9122443 6.153549 0.2338163 -11.00796 14.697081 -10.26923 4.6228514 4.826552 4.892831 4.0546885 -0.26087856 0.13390127 0.76579607 0.031795703 -0.17375426 0.15152642 0.08064185 -1.678242 0.92604804 0.6067858 -0.60451376 -0.1502337 1.4672943 -1.0253115 -0.27936313 -0.6748283 -0.45650432 -0.2020984 -0.24213481 -0.08782835 1.7788072 0.30597043 -0.60347325 0.002308894 -1.0428652 0.681484 0.42570817 1.1593286
275.0 -7.046504 -8.839667 3.130158 -7.934324 -5.1382494 -5.7364063 0.72893184 11.744833 9.072441 -9.049114 7.4876976 -1.6936458 7.531811 3.149835 -9.969635 -0.36772946 1.8615801 -1.5777731 -12.441742 4.1938686 -8.2294855 -5.536382 -3.9429379 -6.020788 -9.734918 0.09668708 1.7687696 5.252789 0.92961085 0.95000726 -0.10876188 0.7268907 -1.1121502 0.24868658 0.07318014 -0.17588988 -0.02116055 0.85515654 -0.43711075 -0.34495962 0.74478745 -0.48614076 -0.36987332 -1.062585 -0.64397043 -0.09567621 1.3017533 0.36800027 0.73080724 0.255438 -0.64313394 0.84725744 -0.64827085 0.75062394 0.16588885 1.0795425
276.0 4.781844 -16.91857 -15.00255 0.24994713 -2.102745 -0.26239014 -0.5014864 21.55447 -10.869481 -9.707634 17.12721 1.3941989 7.289734 8.084797 -9.504529 -6.378262 -0.3783643 3.3319855 -3.9913886 1.1851972 -6.3775167 -9.239327 -5.3615623 -9.895932 -4.09164 -5.0635104 11.9959135 8.744353 0.8744452 0.16909122 1.1556613 -0.17554972 0.010921588 0.10669459 -0.72304016 -1.7152289 1.5961921 1.3571817 -0.20140837 -0.6569671 0.6670174 -0.13339716 -0.5577284 -1.114594 0.053581577 -0.30875593 0.083671644 -0.5739721 1.6137714 1.070341 0.46832573 0.04844139 -0.15863949 -0.014205552 0.28080887 0.58530414
277.0 10.0606165 -10.385359 2.5996406 15.941426 5.959517 18.411531 6.603297 5.0651793 -8.5091915 -3.1758893 12.021502 -7.44716 -0.42151207 0.79064953 5.8637667 -2.8023517 9.221886 -1.7051884 -15.76428 5.884512 1.995462 0.32150504 2.7568939 -3.2646236 -3.6641812 4.100176 4.6638513 -5.789762 0.61538196 0.050627857 1.0021712 -0.2715346 -0.870646 -0.22471792 -0.83040786 -1.8718435 1.4859749 0.88312036 -0.16190955 -0.38493255 0.60747766 -0.4313975 -0.32847172 -0.92074406 -0.68255574 0.10627629 -0.38343856 -0.56134933 1.1334983 0.37942478 0.2857206 -0.19305176 0.030972268 -0.012088803 0.51025283 0.7366155
279.0 8.016295 -1.896308 -1.6068441 12.703756 -2.8491354 6.248608 9.390567 -3.3520906 -0.93193334 2.6678016 14.413971 4.8287263 2.8007088 -5.586453 -7.268153 -5.9166436 -8.210471 5.528363 -5.703126 8.765239 2.407189 0.23812342 0.41507235 1.36658 3.7786658 -6.3439107 20.8953 -2.6376565 0.41603708 -0.012310309 0.40273178 -0.33894297 -0.17431758 -0.4490188 -0.3168092 -1.1697322 0.24329928 1.5563242 -0.013071099 -0.6160712 0.26790833 0.59525317 0.057442553 -1.6695784 -0.16365713 0.34373415 1.0007511 -0.46265084 1.1072247 -0.0690659 -0.2821968 0.2616606 0.5440063 0.35262135 0.38507703 0.383949
281.0 5.784637 -2.876462 -11.147065 0.250212 4.6004267 -8.013749 11.9154825 -5.552072 -4.9530783 -4.799679 16.004812 -13.219151 -2.785024 -6.5091434 -3.5533178 -0.871082 -7.141154 4.202501 6.240834 14.85971 7.765329 -8.464062 4.9195795 -11.172211 5.947233 5.8251314 -2.976865 0.54320437 0.18081665 0.7245921 -0.526744 0.25042412 -1.0795832 -0.33048034 0.21397395 -0.86230993 0.06425306 0.57151455 -0.19535615 -0.088287644 0.42164022 0.15368359 0.34296837 -1.1314852 -0.74124664 -0.20676774 0.63232887 0.053535823 0.54181874 -0.19001839 -0.8985621 0.2157925 -0.35192683 0.26072899 -0.079948366 0.69948536
282.0 20.375446 -12.065683 -4.047846 3.8647163 3.2040567 -4.305397 14.735088 1.833362 -19.59103 5.820879 5.75796 -12.775272 1.6288984 3.6522295 5.2834506 -6.1440105 6.3497796 8.68843 -16.785135 -3.8462696 8.929889 -5.056225 -3.8495708 5.2348533 1.2892603 2.5483208 -4.2103353 -1.3999077 -0.91977465 -0.61133176 1.5353112 -1.1073043 0.30046526 -0.06471064 -0.62312067 -1.9107491 0.75854176 0.5100153 -0.66634136 -0.8420874 0.9087277 0.12157689 -0.7378738 -0.88941264 0.12659971 0.9147197 -0.43517888 -0.038056735 1.898957 -0.28842345 -0.95772195 -0.57118535 0.039495803 0.7566255 1.2212018 0.51669645
283.0 4.8887134 -13.2085705 5.207156 6.974368 2.510835 -7.518802 3.736543 -3.651955 -0.6732402 -11.397792 9.445457 -6.7184052 5.284243 7.1307583 -2.012058 -9.255727 6.9424067 11.053533 -8.700857 -7.478019 4.3948383 -1.1978987 0.6904804 -11.732558 -0.3707711 2.978486 -4.1659727 8.73451 0.5662259 1.1992234 -0.19783275 0.6903131 -0.61023176 0.4486033 0.70823866 -0.4256094 0.11850791 1.1514248 0.38958454 -0.71364355 0.84569925 -0.4459755 -0.1298006 -0.6987759 -0.27311608 -0.59591645 1.6233319 0.12915973 0.9583421 0.43080276 -0.24538729 0.881012 -0.24211659 0.8759269 0.1303623 0.30375367
0 0 0 0 0 0 0 0 0 0 0 0 0 0 0 0 0 0 0 0 0 0 0 0 0 0 0 0 0 0 0 0 0 0 0 0 0 0 0 0 0 0 0 0 0 0 0 0 0 0 0 0 0 0 0 0 0
288.0 5.8625965 -8.198786 0.04588318 15.250343 1.5552659 -9.760031 -7.7611837 -6.7610765 7.8327456 -6.3033295 17.21308 -4.0091453 10.314503 2.7163842 -0.5658503 1.985386 -4.834006 4.818308 -0.88846546 -2.9893475 -4.4802194 -3.339129 -4.9704165 -4.3583536 -5.1743884 0.79281473 -3.1066728 -9.896483 0.41341367 -0.63832414 0.2652182 0.21995857 0.17009978 -0.8343226 0.10351853 -1.6845797 0.5784254 1.5580684 0.6511835 -0.278143 -0.17600146 -0.09719108 0.48249736 -1.7499177 0.3388925 -0.120394506 0.749334 -0.37633818 1.9177519 0.18365732 0.018068708 0.29475483 0.60137683 0.5986159 -0.56610143 0.8515775
290.0 -1.5796149 -14.15842 -3.594125 15.830514 7.7024803 -7.3736067 -9.738744 5.0742345 -1.4067863 6.2349772 5.5448613 -5.589365 -9.575613 -11.122335 -2.6841323 8.451767 -6.051129 5.3627048 -3.0857642 3.945415 2.3216684 -3.2258399 -7.7678103 -0.9157352 -3.6273189 3.7277155 -17.044579 0.84340215 0.7669233 0.22898452 0.18822576 -0.2294997 -0.6308172 -0.37594506 -0.5587039 -0.85283566 0.5304933 1.0644166 -0.0040626395 -0.11532925 -0.24916238 0.7475164 0.083214514 -1.4557813 -0.29461017 0.16226926 0.7008067 -0.5686389 0.47496122 0.09470929 0.10157845 0.14851232 0.5060531 -0.34894168 -0.012140239 0.18386742
291.0 10.927167 0.5105113 0.85572064 3.0919154 -7.6008782 -0.74515945 3.1310706 -3.5818968 -6.0989714 -2.4777024 -1.2756554 1.3754117 6.6028466 0.36197513 -3.4693217 -6.9741387 -0.953328 8.366978 -10.021649 -1.8270453 10.10102 -7.5799737 -0.10740157 5.116555 -2.7396886 -3.483571 3.4676738 1.5124891 -0.64185715 -0.32756892 0.6482814 -0.28985307 0.39526302 -0.45753583 0.22782119 -1.7634279 0.60337 0.5964206 -0.44121113 -0.09711637 0.57161826 0.68831503 0.20456764 -1.5089537 0.15868162 1.1510749 0.34576917 -0.31879303 1.7389605 -0.5877923 -1.057039 0.07039648 -0.40422764 0.64273643 0.59153074 0.5879074
292.0 14.422402 -7.0649834 -5.519908 1.2273834 6.7847958 3.5226269 2.527902 8.831918 -1.2987897 -1.9349332 7.495858 1.3285023 -1.9123576 3.6624262 -5.5122786 8.238421 6.0964475 -0.5823597 -3.532234 3.2322962 5.9329963 -8.726355 7.552423 -11.532809 2.2590506 -2.731422 -4.8694105 12.351324 -0.26361254 0.028177308 0.62835383 -0.347137 -0.029228875 -0.62369436 0.108971745 -1.5072937 0.20383644 1.0351053 -0.40878537 -0.36191836 1.0259147 0.024453117 0.2476518 -1.2228111 -0.54740536 0.14226148 0.15323785 -0.1892116 1.4379398 0.09866184 -1.0883461 -0.0857479 -0.019409165 0.6183866 0.4079204 1.1824806
293.0 11.288695 -5.70789 10.314797 -11.914448 -0.9307899 -9.563666 -9.26415 10.964276 -2.0061252 10.085222 4.158174 -11.264585 9.759858 10.562324 -5.2186804 5.0743623 5.087742 4.2671714 -13.44741 4.830228 5.311632 3.205165 3.5163207 -9.427125 -10.9566965 0.041516334 -3.8510275 -4.2632594 -0.66461265 -0.06284734 -0.40316722 -0.27598777 -0.22887519 -1.0661588 -0.09546631 -1.8750495 -0.10696346 0.15974261 0.47320652 0.5018466 0.46849775 0.17532776 0.6365983 -0.8540817 -0.582243 0.33321953 -0.7767213 -0.35351163 0.5408202 -0.89768445 -0.8930558 -0.87598866 0.41808742 0.1474936 -0.47595486 0.7997212
294.0 1.9563518 -7.3100057 0.11469221 14.101615 2.3566518 -3.9787216 5.8802166 3.5814006 -7.3828278 -0.7353244 -4.6252 -5.394414 -5.743098 10.636796 -0.22496295 -4.8569427 10.824557 -6.3529797 -2.1443903 0.2878448 7.286536 -13.468361 -4.333143 -2.192087 -4.498023 8.030785 -4.4534154 2.5450892 0.6278843 -0.061330386 0.3139912 0.43758565 -0.22272576 -0.34651935 0.31918108 -1.7132863 2.0511413 0.80456364 0.58177423 0.05339527 -0.33567655 -0.36449903 0.3726491 -0.8696298 0.5453649 -0.46123663 -0.1899113 -0.6507066 1.7494676 0.60374784 0.6341405 0.5942802 -0.067703746 -0.20853114 -0.50751144 0.5397179
295.0 5.107631 -6.8302293 -9.616959 8.980546 5.709286 1.8184996 18.14172 14.047166 -8.318508 1.6889043 24.406382 -8.104999 0.9125604 -0.8950007 -3.8651047 1.75578 -4.690288 -2.2630653 -9.010273 3.5748396 15.860615 -8.233372 0.49331978 -11.268473 9.393439 8.203003 -4.0714016 6.4460745 0.17113353 -0.04478363 0.62046516 -0.7590759 0.049233302 -0.5499612 -1.0816082 -1.5695341 0.609325 0.85523516 0.364085 0.13153166 0.71373683 0.30215394 -0.2522346 -0.8468061 -0.22698337 0.3490417 -0.37918186 -0.40834093 1.018463 -0.11662477 -0.2407355 -0.65001565 0.43896085 0.06766792 0.13923715 0.70656925
298.0 -3.5958502 -14.205505 -8.237977 2.3902524 2.183938 -14.050513 1.8040683 6.2526736 3.38189 -14.579856 6.5137353 -7.9984245 17.443756 9.827504 -0.025781987 -14.494559 -0.544958 -8.638237 -15.427156 -8.740473 -0.43325555 3.9167566 -26.346384 -14.305867 2.7404768 7.646101 -2.223185 4.0691895 1.1467289 0.2628603 0.5135974 0.040523022 -0.4436744 -0.281615 -0.6382326 -1.4657481 1.0786486 1.3626766 0.3562386 -0.16525863 0.71029174 -0.46166667 -0.083117954 -0.9246419 -0.46089637 -0.53985226 0.22772275 -0.55449194 1.1157221 0.67890847 0.68370414 0.17696062 0.06685328 0.034842256 -0.26691687 0.8769344
299.0 15.08787 -4.2500334 -7.270436 5.4201517 4.7094235 -4.070708 -1.0167068 -2.8332965 -6.340457 8.510202 4.7191324 -10.583531 -4.890734 -7.7285657 5.3448625 -1.5713576 1.7405728 8.638612 0.406524 4.3544974 5.8415766 -8.506723 -2.397756 5.4586964 0.71802324 1.397558 -1.554815 -8.064455 0.70380104 0.7851717 0.2587026 0.7610178 -0.5252334 0.25733078 0.36766732 -0.9189378 0.613576 1.3753362 0.17589602 -0.6160766 0.87172014 -0.76959604 -0.08683458 -1.0455627 -0.45704532 -0.17203546 1.2320861 -0.32818037 1.2050142 0.48222134 -0.41385362 0.88967496 -0.22946781 1.03121 0.50736517 0.7580356
300.0 18.422766 -2.8590167 -4.91006 10.994111 -8.200285 0.79378253 2.2608871 -4.5747085 -5.7797675 -9.50609 3.8060186 -3.0654743 0.41391543 4.3678446 -0.26384482 -7.928254 9.144179 6.8031588 -9.992134 -0.45633304 7.9022756 -6.850191 -7.8665595 6.0148926 -5.046932 -4.33938 3.2569664 3.8066142 0.018731559 -0.5303054 1.366031 -0.42911318 0.800909 -0.0066671446 -0.4712096 -1.6996018 1.0744855 1.0439416 -0.0138679985 -0.45299235 0.46096113 0.31532222 -0.42496023 -1.2442138 0.7075295 0.8546069 0.31109986 -0.36290693 2.1270976 0.15122178 -0.2829332 0.09650774 0.012398618 0.6995878 0.6548259 0.5778869
301.0 5.228609 -7.569493 -14.129462 11.912815 4.9285374 -4.1440783 12.9765835 2.0184414 -2.055037 -5.0224066 11.883576 -0.76933825 2.887296 3.2257726 -10.346545 -2.0083842 -8.504151 4.7609205 -1.9326806 14.472077 -1.8462963 -7.5324306 -1.2376173 -10.488386 0.92280877 -5.66562 -4.426338 5.049714 0.31085554 -0.094441034 0.17087169 -0.45687565 -0.5431389 -0.43101907 -0.45087308 -1.8313508 1.2651997 0.3484215 0.37831846 -0.33447415 0.49963954 -0.60032696 -0.11552064 -0.07278848 0.01977929 -1.5688422 -0.7217769 0.18173099 1.4487162 0.4296969 0.60897046 -0.5334947 0.07640467 -0.28413478 -1.0300285 0.33756438
302.0 7.043517 -3.7947333 -3.8877583 -5.415967 -2.368107 -1.5222795 -3.8620653 21.628046 7.4033027 9.620919 4.2897253 -10.712731 7.9177656 9.275293 -0.17539173 0.11627451 -8.269992 -0.4897579 -20.66047 2.5088763 9.428622 1.5614978 -1.4251633 -12.375612 -10.739743 -1.9577285 4.336755 3.6438956 0.15701191 0.22370705 0.41193977 0.11133889 1.1967936 0.3508127 0.041003615 -0.7570622 0.70547336 0.66252226 0.8709661 -0.16834909 0.36129528 0.525913 -0.31631052 -0.49554342 1.284917 -0.07374945 0.98033756 0.19359294 1.6800256 0.2445536 0.5061136 0.08020718 -0.3223372 0.4502497 -0.4274067 -0.5659999
303.0 0.06317667 -14.565518 2.0370333 8.632571 4.8366723 -23.293663 3.977161 10.768164 -9.150327 6.3659515 -7.9811673 -13.563284 1.0740118 -0.75573754 -6.458052 -3.6563427 -5.0538354 10.38808 -4.109707 -1.2518934 0.8389245 -8.607324 2.2802458 -4.8046393 4.5902953 -1.2446576 -9.610224 2.3234308 0.7095792 0.29061344 -0.0583258 0.409211 -0.95049137 -0.7387939 0.072254844 -1.4593561 0.47802866 1.0260777 -0.15595323 -0.0037235538 0.29300156 -0.011748266 0.5473924 -1.6200188 -1.0817727 -0.09459067 0.45799452 -0.6418261 0.7074859 0.13284768 -0.08755514 0.17957133 -0.13993041 -0.11264067 -0.18440534 1.0461044
304.0 2.0861135 -35.623367 0.13987339 -9.845086 1.718191 -20.880598 16.46121 4.716654 -19.45158 -1.9485548 -4.8006253 -12.555847 12.787089 12.594281 -9.154494 -1.6473976 10.643314 5.8882494 -6.7340083 -16.254713 9.132524 9.435548 -5.9459133 -18.137516 5.6334057 -11.405227 -0.99677616 14.8729105 0.75737834 0.2592325 0.21532938 0.2679979 0.18544586 -0.034267485 -0.25289676 -0.7205099 0.6302114 0.90763324 0.8255917 0.034983113 0.31651086 -0.44718483 -0.14325665 -0.42843574 0.058528606 -0.38404292 0.16636096 -0.4183454 0.78652453 0.6014377 0.42348343 0.15144771 0.25644088 0.23696208 -0.29385677 0.60799074
305.0 1.8563683 -7.768629 4.942931 5.834583 1.0086458 -5.4682703 1.9495261 -0.28140357 -3.7536223 1.9498456 -2.79538 -0.39336082 4.3491354 4.2189035 -2.5768347 0.58117336 6.3483124 4.4020753 10.903384 2.853294 3.2014859 -4.309564 5.7699847 6.965727 8.088763 -7.363529 -3.7333643 -1.9751835 -0.19730905 -0.46066278 0.09324418 0.3303573 0.6270733 -0.4481819 0.7177556 -1.1844218 0.3914164 1.1457332 0.3464577 0.060760356 0.392699 -0.16379037 0.43647593 -1.2457355 0.36074784 0.2558599 0.78241444 -0.54964846 1.742365 -0.08947329 -0.16814825 0.5680895 -0.45117247 0.6236205 -0.15776032 0.92848
306.0 5.9275355 -10.389782 -0.23814583 11.963872 7.6696773 11.749299 9.576776 0.07683956 -8.032726 -3.0413227 18.673023 -2.2947574 7.2004104 -2.263776 5.1293497 -7.1550837 0.63866913 3.9562678 -5.629313 5.679355 3.3795955 -8.629855 2.0950162 4.466984 -0.9647329 -3.570064 2.0183377 0.17820293 -0.9919412 -0.12330974 0.97705495 -1.2439663 -0.9931219 -0.61134124 -0.6437492 -2.105936 0.1999057 0.3926652 -0.87195116 -0.8914314 1.1726295 -0.076630935 -0.25316805 -0.758977 -1.120073 0.3819012 -0.6409175 0.10087776 1.2122804 -0.63347125 -0.95510244 -0.7734777 0.37996292 0.40671057 0.8907368 0.7855681
308.0 5.5405726 11.38229 -9.412649 9.363305 -1.7333236 -4.297241 4.1614 17.813425 17.302378 5.261651 -2.6240723 5.1086874 4.9740753 4.4489827 -10.64485 3.9596496 4.8014545 6.4725275 -7.8260536 -4.23736 -2.1473057 -12.505574 2.4302402 -9.84176 -8.408681 -12.061438 5.882969 5.10502 -0.13959101 -0.70944035 0.51860267 -1.0868354 -0.30353284 -0.12492963 -0.9073159 -0.9447379 0.18985623 0.87822145 0.2313215 -0.9693126 0.26715523 -0.98322356 -0.5546725 -0.4698935 0.47241193 -0.34155864 0.06415863 0.4231934 1.9619297 -0.099373914 0.26548856 -0.2872595 1.2875319 0.5784923 -0.18858768 0.5783453
0 0 0 0 0 0 0 0 0 0 0 0 0 0 0 0 0 0 0 0 0 0 0 0 0 0 0 0 0 0 0 0 0 0 0 0 0 0 0 0 0 0 0 0 0 0 0 0 0 0 0 0 0 0 0 0 0
0 0 0 0 0 0 0 0 0 0 0 0 0 0 0 0 0 0 0 0 0 0 0 0 0 0 0 0 0 0 0 0 0 0 0 0 0 0 0 0 0 0 0 0 0 0 0 0 0 0 0 0 0 0 0 0 0
0 0 0 0 0 0 0 0 0 0 0 0 0 0 0 0 0 0 0 0 0 0 0 0 0 0 0 0 0 0 0 0 0 0 0 0 0 0 0 0 0 0 0 0 0 0 0 0 0 0 0 0 0 0 0 0 0
0 0 0 0 0 0 0 0 0 0 0 0 0 0 0 0 0 0 0 0 0 0 0 0 0 0 0 0 0 0 0 0 0 0 0 0 0 0 0 0 0 0 0 0 0 0 0 0 0 0 0 0 0 0 0 0 0
0 0 0 0 0 0 0 0 0 0 0 0 0 0 0 0 0 0 0 0 0 0 0 0 0 0 0 0 0 0 0 0 0 0 0 0 0 0 0 0 0 0 0 0 0 0 0 0 0 0 0 0 0 0 0 0 0
0 0 0 0 0 0 0 0 0 0 0 0 0 0 0 0 0 0 0 0 0 0 0 0 0 0 0 0 0 0 0 0 0 0 0 0 0 0 0 0 0 0 0 0 0 0 0 0 0 0 0 0 0 0 0 0 0
0 0 0 0 0 0 0 0 0 0 0 0 0 0 0 0 0 0 0 0 0 0 0 0 0 0 0 0 0 0 0 0 0 0 0 0 0 0 0 0 0 0 0 0 0 0 0 0 0 0 0 0 0 0 0 0 0
0 0 0 0 0 0 0 0 0 0 0 0 0 0 0 0 0 0 0 0 0 0 0 0 0 0 0 0 0 0 0 0 0 0 0 0 0 0 0 0 0 0 0 0 0 0 0 0 0 0 0 0 0 0 0 0 0
0 0 0 0 0 0 0 0 0 0 0 0 0 0 0 0 0 0 0 0 0 0 0 0 0 0 0 0 0 0 0 0 0 0 0 0 0 0 0 0 0 0 0 0 0 0 0 0 0 0 0 0 0 0 0 0 0
0 0 0 0 0 0 0 0 0 0 0 0 0 0 0 0 0 0 0 0 0 0 0 0 0 0 0 0 0 0 0 0 0 0 0 0 0 0 0 0 0 0 0 0 0 0 0 0 0 0 0 0 0 0 0 0 0
0 0 0 0 0 0 0 0 0 0 0 0 0 0 0 0 0 0 0 0 0 0 0 0 0 0 0 0 0 0 0 0 0 0 0 0 0 0 0 0 0 0 0 0 0 0 0 0 0 0 0 0 0 0 0 0 0
0 0 0 0 0 0 0 0 0 0 0 0 0 0 0 0 0 0 0 0 0 0 0 0 0 0 0 0 0 0 0 0 0 0 0 0 0 0 0 0 0 0 0 0 0 0 0 0 0 0 0 0 0 0 0 0 0
0 0 0 0 0 0 0 0 0 0 0 0 0 0 0 0 0 0 0 0 0 0 0 0 0 0 0 0 0 0 0 0 0 0 0 0 0 0 0 0 0 0 0 0 0 0 0 0 0 0 0 0 0 0 0 0 0
0 0 0 0 0 0 0 0 0 0 0 0 0 0 0 0 0 0 0 0 0 0 0 0 0 0 0 0 0 0 0 0 0 0 0 0 0 0 0 0 0 0 0 0 0 0 0 0 0 0 0 0 0 0 0 0 0
0 0 0 0 0 0 0 0 0 0 0 0 0 0 0 0 0 0 0 0 0 0 0 0 0 0 0 0 0 0 0 0 0 0 0 0 0 0 0 0 0 0 0 0 0 0 0 0 0 0 0 0 0 0 0 0 0
0 0 0 0 0 0 0 0 0 0 0 0 0 0 0 0 0 0 0 0 0 0 0 0 0 0 0 0 0 0 0 0 0 0 0 0 0 0 0 0 0 0 0 0 0 0 0 0 0 0 0 0 0 0 0 0 0
0 0 0 0 0 0 0 0 0 0 0 0 0 0 0 0 0 0 0 0 0 0 0 0 0 0 0 0 0 0 0 0 0 0 0 0 0 0 0 0 0 0 0 0 0 0 0 0 0 0 0 0 0 0 0 0 0
0 0 0 0 0 0 0 0 0 0 0 0 0 0 0 0 0 0 0 0 0 0 0 0 0 0 0 0 0 0 0 0 0 0 0 0 0 0 0 0 0 0 0 0 0 0 0 0 0 0 0 0 0 0 0 0 0
0 0 0 0 0 0 0 0 0 0 0 0 0 0 0 0 0 0 0 0 0 0 0 0 0 0 0 0 0 0 0 0 0 0 0 0 0 0 0 0 0 0 0 0 0 0 0 0 0 0 0 0 0 0 0 0 0
0 0 0 0 0 0 0 0 0 0 0 0 0 0 0 0 0 0 0 0 0 0 0 0 0 0 0 0 0 0 0 0 0 0 0 0 0 0 0 0 0 0 0 0 0 0 0 0 0 0 0 0 0 0 0 0 0
0 0 0 0 0 0 0 0 0 0 0 0 0 0 0 0 0 0 0 0 0 0 0 0 0 0 0 0 0 0 0 0 0 0 0 0 0 0 0 0 0 0 0 0 0 0 0 0 0 0 0 0 0 0 0 0 0
0 0 0 0 0 0 0 0 0 0 0 0 0 0 0 0 0 0 0 0 0 0 0 0 0 0 0 0 0 0 0 0 0 0 0 0 0 0 0 0 0 0 0 0 0 0 0 0 0 0 0 0 0 0 0 0 0
0 0 0 0 0 0 0 0 0 0 0 0 0 0 0 0 0 0 0 0 0 0 0 0 0 0 0 0 0 0 0 0 0 0 0 0 0 0 0 0 0 0 0 0 0 0 0 0 0 0 0 0 0 0 0 0 0
0 0 0 0 0 0 0 0 0 0 0 0 0 0 0 0 0 0 0 0 0 0 0 0 0 0 0 0 0 0 0 0 0 0 0 0 0 0 0 0 0 0 0 0 0 0 0 0 0 0 0 0 0 0 0 0 0
0 0 0 0 0 0 0 0 0 0 0 0 0 0 0 0 0 0 0 0 0 0 0 0 0 0 0 0 0 0 0 0 0 0 0 0 0 0 0 0 0 0 0 0 0 0 0 0 0 0 0 0 0 0 0 0 0
0 0 0 0 0 0 0 0 0 0 0 0 0 0 0 0 0 0 0 0 0 0 0 0 0 0 0 0 0 0 0 0 0 0 0 0 0 0 0 0 0 0 0 0 0 0 0 0 0 0 0 0 0 0 0 0 0
0 0 0 0 0 0 0 0 0 0 0 0 0 0 0 0 0 0 0 0 0 0 0 0 0 0 0 0 0 0 0 0 0 0 0 0 0 0 0 0 0 0 0 0 0 0 0 0 0 0 0 0 0 0 0 0 0
0 0 0 0 0 0 0 0 0 0 0 0 0 0 0 0 0 0 0 0 0 0 0 0 0 0 0 0 0 0 0 0 0 0 0 0 0 0 0 0 0 0 0 0 0 0 0 0 0 0 0 0 0 0 0 0 0
0 0 0 0 0 0 0 0 0 0 0 0 0 0 0 0 0 0 0 0 0 0 0 0 0 0 0 0 0 0 0 0 0 0 0 0 0 0 0 0 0 0 0 0 0 0 0 0 0 0 0 0 0 0 0 0 0
0 0 0 0 0 0 0 0 0 0 0 0 0 0 0 0 0 0 0 0 0 0 0 0 0 0 0 0 0 0 0 0 0 0 0 0 0 0 0 0 0 0 0 0 0 0 0 0 0 0 0 0 0 0 0 0 0
0 0 0 0 0 0 0 0 0 0 0 0 0 0 0 0 0 0 0 0 0 0 0 0 0 0 0 0 0 0 0 0 0 0 0 0 0 0 0 0 0 0 0 0 0 0 0 0 0 0 0 0 0 0 0 0 0
0 0 0 0 0 0 0 0 0 0 0 0 0 0 0 0 0 0 0 0 0 0 0 0 0 0 0 0 0 0 0 0 0 0 0 0 0 0 0 0 0 0 0 0 0 0 0 0 0 0 0 0 0 0 0 0 0
0 0 0 0 0 0 0 0 0 0 0 0 0 0 0 0 0 0 0 0 0 0 0 0 0 0 0 0 0 0 0 0 0 0 0 0 0 0 0 0 0 0 0 0 0 0 0 0 0 0 0 0 0 0 0 0 0
0 0 0 0 0 0 0 0 0 0 0 0 0 0 0 0 0 0 0 0 0 0 0 0 0 0 0 0 0 0 0 0 0 0 0 0 0 0 0 0 0 0 0 0 0 0 0 0 0 0 0 0 0 0 0 0 0
0 0 0 0 0 0 0 0 0 0 0 0 0 0 0 0 0 0 0 0 0 0 0 0 0 0 0 0 0 0 0 0 0 0 0 0 0 0 0 0 0 0 0 0 0 0 0 0 0 0 0 0 0 0 0 0 0
0 0 0 0 0 0 0 0 0 0 0 0 0 0 0 0 0 0 0 0 0 0 0 0 0 0 0 0 0 0 0 0 0 0 0 0 0 0 0 0 0 0 0 0 0 0 0 0 0 0 0 0 0 0 0 0 0
0 0 0 0 0 0 0 0 0 0 0 0 0 0 0 0 0 0 0 0 0 0 0 0 0 0 0 0 0 0 0 0 0 0 0 0 0 0 0 0 0 0 0 0 0 0 0 0 0 0 0 0 0 0 0 0 0
0 0 0 0 0 0 0 0 0 0 0 0 0 0 0 0 0 0 0 0 0 0 0 0 0 0 0 0 0 0 0 0 0 0 0 0 0 0 0 0 0 0 0 0 0 0 0 0 0 0 0 0 0 0 0 0 0
0 0 0 0 0 0 0 0 0 0 0 0 0 0 0 0 0 0 0 0 0 0 0 0 0 0 0 0 0 0 0 0 0 0 0 0 0 0 0 0 0 0 0 0 0 0 0 0 0 0 0 0 0 0 0 0 0
0 0 0 0 0 0 0 0 0 0 0 0 0 0 0 0 0 0 0 0 0 0 0 0 0 0 0 0 0 0 0 0 0 0 0 0 0 0 0 0 0 0 0 0 0 0 0 0 0 0 0 0 0 0 0 0 0
0 0 0 0 0 0 0 0 0 0 0 0 0 0 0 0 0 0 0 0 0 0 0 0 0 0 0 0 0 0 0 0 0 0 0 0 0 0 0 0 0 0 0 0 0 0 0 0 0 0 0 0 0 0 0 0 0
0 0 0 0 0 0 0 0 0 0 0 0 0 0 0 0 0 0 0 0 0 0 0 0 0 0 0 0 0 0 0 0 0 0 0 0 0 0 0 0 0 0 0 0 0 0 0 0 0 0 0 0 0 0 0 0 0
0 0 0 0 0 0 0 0 0 0 0 0 0 0 0 0 0 0 0 0 0 0 0 0 0 0 0 0 0 0 0 0 0 0 0 0 0 0 0 0 0 0 0 0 0 0 0 0 0 0 0 0 0 0 0 0 0
0 0 0 0 0 0 0 0 0 0 0 0 0 0 0 0 0 0 0 0 0 0 0 0 0 0 0 0 0 0 0 0 0 0 0 0 0 0 0 0 0 0 0 0 0 0 0 0 0 0 0 0 0 0 0 0 0
0 0 0 0 0 0 0 0 0 0 0 0 0 0 0 0 0 0 0 0 0 0 0 0 0 0 0 0 0 0 0 0 0 0 0 0 0 0 0 0 0 0 0 0 0 0 0 0 0 0 0 0 0 0 0 0 0
0 0 0 0 0 0 0 0 0 0 0 0 0 0 0 0 0 0 0 0 0 0 0 0 0 0 0 0 0 0 0 0 0 0 0 0 0 0 0 0 0 0 0 0 0 0 0 0 0 0 0 0 0 0 0 0 0
0 0 0 0 0 0 0 0 0 0 0 0 0 0 0 0 0 0 0 0 0 0 0 0 0 0 0 0 0 0 0 0 0 0 0 0 0 0 0 0 0 0 0 0 0 0 0 0 0 0 0 0 0 0 0 0 0
0 0 0 0 0 0 0 0 0 0 0 0 0 0 0 0 0 0 0 0 0 0 0 0 0 0 0 0 0 0 0 0 0 0 0 0 0 0 0 0 0 0 0 0 0 0 0 0 0 0 0 0 0 0 0 0 0
0 0 0 0 0 0 0 0 0 0 0 0 0 0 0 0 0 0 0 0 0 0 0 0 0 0 0 0 0 0 0 0 0 0 0 0 0 0 0 0 0 0 0 0 0 0 0 0 0 0 0 0 0 0 0 0 0
0 0 0 0 0 0 0 0 0 0 0 0 0 0 0 0 0 0 0 0 0 0 0 0 0 0 0 0 0 0 0 0 0 0 0 0 0 0 0 0 0 0 0 0 0 0 0 0 0 0 0 0 0 0 0 0 0
0 0 0 0 0 0 0 0 0 0 0 0 0 0 0 0 0 0 0 0 0 0 0 0 0 0 0 0 0 0 0 0 0 0 0 0 0 0 0 0 0 0 0 0 0 0 0 0 0 0 0 0 0 0 0 0 0
0 0 0 0 0 0 0 0 0 0 0 0 0 0 0 0 0 0 0 0 0 0 0 0 0 0 0 0 0 0 0 0 0 0 0 0 0 0 0 0 0 0 0 0 0 0 0 0 0 0 0 0 0 0 0 0 0
0 0 0 0 0 0 0 0 0 0 0 0 0 0 0 0 0 0 0 0 0 0 0 0 0 0 0 0 0 0 0 0 0 0 0 0 0 0 0 0 0 0 0 0 0 0 0 0 0 0 0 0 0 0 0 0 0
0 0 0 0 0 0 0 0 0 0 0 0 0 0 0 0 0 0 0 0 0 0 0 0 0 0 0 0 0 0 0 0 0 0 0 0 0 0 0 0 0 0 0 0 0 0 0 0 0 0 0 0 0 0 0 0 0
0 0 0 0 0 0 0 0 0 0 0 0 0 0 0 0 0 0 0 0 0 0 0 0 0 0 0 0 0 0 0 0 0 0 0 0 0 0 0 0 0 0 0 0 0 0 0 0 0 0 0 0 0 0 0 0 0
0 0 0 0 0 0 0 0 0 0 0 0 0 0 0 0 0 0 0 0 0 0 0 0 0 0 0 0 0 0 0 0 0 0 0 0 0 0 0 0 0 0 0 0 0 0 0 0 0 0 0 0 0 0 0 0 0
0 0 0 0 0 0 0 0 0 0 0 0 0 0 0 0 0 0 0 0 0 0 0 0 0 0 0 0 0 0 0 0 0 0 0 0 0 0 0 0 0 0 0 0 0 0 0 0 0 0 0 0 0 0 0 0 0
0 0 0 0 0 0 0 0 0 0 0 0 0 0 0 0 0 0 0 0 0 0 0 0 0 0 0 0 0 0 0 0 0 0 0 0 0 0 0 0 0 0 0 0 0 0 0 0 0 0 0 0 0 0 0 0 0
0 0 0 0 0 0 0 0 0 0 0 0 0 0 0 0 0 0 0 0 0 0 0 0 0 0 0 0 0 0 0 0 0 0 0 0 0 0 0 0 0 0 0 0 0 0 0 0 0 0 0 0 0 0 0 0 0
0 0 0 0 0 0 0 0 0 0 0 0 0 0 0 0 0 0 0 0 0 0 0 0 0 0 0 0 0 0 0 0 0 0 0 0 0 0 0 0 0 0 0 0 0 0 0 0 0 0 0 0 0 0 0 0 0
0 0 0 0 0 0 0 0 0 0 0 0 0 0 0 0 0 0 0 0 0 0 0 0 0 0 0 0 0 0 0 0 0 0 0 0 0 0 0 0 0 0 0 0 0 0 0 0 0 0 0 0 0 0 0 0 0
0 0 0 0 0 0 0 0 0 0 0 0 0 0 0 0 0 0 0 0 0 0 0 0 0 0 0 0 0 0 0 0 0 0 0 0 0 0 0 0 0 0 0 0 0 0 0 0 0 0 0 0 0 0 0 0 0
0 0 0 0 0 0 0 0 0 0 0 0 0 0 0 0 0 0 0 0 0 0 0 0 0 0 0 0 0 0 0 0 0 0 0 0 0 0 0 0 0 0 0 0 0 0 0 0 0 0 0 0 0 0 0 0 0
0 0 0 0 0 0 0 0 0 0 0 0 0 0 0 0 0 0 0 0 0 0 0 0 0 0 0 0 0 0 0 0 0 0 0 0 0 0 0 0 0 0 0 0 0 0 0 0 0 0 0 0 0 0 0 0 0
0 0 0 0 0 0 0 0 0 0 0 0 0 0 0 0 0 0 0 0 0 0 0 0 0 0 0 0 0 0 0 0 0 0 0 0 0 0 0 0 0 0 0 0 0 0 0 0 0 0 0 0 0 0 0 0 0
0 0 0 0 0 0 0 0 0 0 0 0 0 0 0 0 0 0 0 0 0 0 0 0 0 0 0 0 0 0 0 0 0 0 0 0 0 0 0 0 0 0 0 0 0 0 0 0 0 0 0 0 0 0 0 0 0
0 0 0 0 0 0 0 0 0 0 0 0 0 0 0 0 0 0 0 0 0 0 0 0 0 0 0 0 0 0 0 0 0 0 0 0 0 0 0 0 0 0 0 0 0 0 0 0 0 0 0 0 0 0 0 0 0
0 0 0 0 0 0 0 0 0 0 0 0 0 0 0 0 0 0 0 0 0 0 0 0 0 0 0 0 0 0 0 0 0 0 0 0 0 0 0 0 0 0 0 0 0 0 0 0 0 0 0 0 0 0 0 0 0
0 0 0 0 0 0 0 0 0 0 0 0 0 0 0 0 0 0 0 0 0 0 0 0 0 0 0 0 0 0 0 0 0 0 0 0 0 0 0 0 0 0 0 0 0 0 0 0 0 0 0 0 0 0 0 0 0
0 0 0 0 0 0 0 0 0 0 0 0 0 0 0 0 0 0 0 0 0 0 0 0 0 0 0 0 0 0 0 0 0 0 0 0 0 0 0 0 0 0 0 0 0 0 0 0 0 0 0 0 0 0 0 0 0
0 0 0 0 0 0 0 0 0 0 0 0 0 0 0 0 0 0 0 0 0 0 0 0 0 0 0 0 0 0 0 0 0 0 0 0 0 0 0 0 0 0 0 0 0 0 0 0 0 0 0 0 0 0 0 0 0
0 0 0 0 0 0 0 0 0 0 0 0 0 0 0 0 0 0 0 0 0 0 0 0 0 0 0 0 0 0 0 0 0 0 0 0 0 0 0 0 0 0 0 0 0 0 0 0 0 0 0 0 0 0 0 0 0
0 0 0 0 0 0 0 0 0 0 0 0 0 0 0 0 0 0 0 0 0 0 0 0 0 0 0 0 0 0 0 0 0 0 0 0 0 0 0 0 0 0 0 0 0 0 0 0 0 0 0 0 0 0 0 0 0
0 0 0 0 0 0 0 0 0 0 0 0 0 0 0 0 0 0 0 0 0 0 0 0 0 0 0 0 0 0 0 0 0 0 0 0 0 0 0 0 0 0 0 0 0 0 0 0 0 0 0 0 0 0 0 0 0
0 0 0 0 0 0 0 0 0 0 0 0 0 0 0 0 0 0 0 0 0 0 0 0 0 0 0 0 0 0 0 0 0 0 0 0 0 0 0 0 0 0 0 0 0 0 0 0 0 0 0 0 0 0 0 0 0
0 0 0 0 0 0 0 0 0 0 0 0 0 0 0 0 0 0 0 0 0 0 0 0 0 0 0 0 0 0 0 0 0 0 0 0 0 0 0 0 0 0 0 0 0 0 0 0 0 0 0 0 0 0 0 0 0
