8.302599999999999980e-01
3.334940000000001348e+00
6.105340000000006206e+00
3.588200000000001388e+00
3.735700000000003129e+00
5.039000000000004142e+00
5.549700000000003186e+00
3.503220000000001555e+00
4.590320000000003731e+00
5.024100000000003341e+00
5.037700000000003620e+00
3.939500000000002444e+00
4.123600000000002375e+00
3.732300000000002171e+00
3.313540000000001484e+00
3.884700000000002262e+00
3.729900000000001548e+00
5.370400000000003615e+00
4.475900000000001988e+00
5.943140000000006751e+00
3.058200000000001140e+00
3.556800000000001738e+00
3.352120000000001099e+00
5.302020000000005062e+00
2.792820000000000746e+00
2.523800000000000487e+00
6.831500000000006345e+00
4.363420000000002297e+00
4.800900000000003054e+00
3.342500000000001137e+00
2.762000000000001343e+00
3.958380000000003562e+00
3.012620000000000964e+00
3.605999999999996430e-01
3.338500000000001577e+00
3.202100000000001501e+00
5.047100000000003028e+00
6.139100000000005330e+00
3.839000000000003077e+00
1.299999999999301714e-03
1.338599999999999346e+00
-1.288599999999999968e+00
-1.651199999999997114e+00
4.753600000000004044e+00
2.374600000000000044e+00
2.879580000000000695e+00
3.650700000000002277e+00
1.871899999999999675e+00
4.939600000000002211e+00
4.456020000000003201e+00
2.710820000000000896e+00
3.280200000000001559e+00
3.136500000000000732e+00
6.458920000000006212e+00
5.531360000000005606e+00
-1.551399999999999002e+00
3.047100000000001252e+00
5.761700000000003818e+00
2.120400000000000507e+00
6.320200000000006035e+00
4.313100000000002154e+00
4.010820000000001606e+00
1.950299999999999701e+00
6.203600000000003334e+00
6.252700000000003477e+00
2.650999999999999801e+00
-7.977000000000000757e-01
3.927900000000001945e+00
1.019139999999999713e+00
3.605100000000001081e+00
4.822100000000004272e+00
6.103720000000005363e+00
3.505680000000000796e+00
2.828000000000001180e+00
2.761900000000000688e+00
-1.827999999999991854e-01
4.279900000000004034e+00
3.139040000000000497e+00
2.723500000000000476e+00
4.477520000000004607e+00
6.858000000000008534e+00
1.869939999999999936e+00
5.496400000000003949e+00
3.916400000000002990e+00
3.466380000000000905e+00
3.791380000000002859e+00
5.098920000000005004e+00
2.450599999999999667e+00
5.995220000000004212e+00
3.988100000000001977e+00
1.821299999999999475e+00
1.953699999999999992e+00
5.935400000000005782e+00
4.932300000000004125e+00
4.237000000000001876e+00
3.754300000000001525e+00
5.835500000000006793e+00
5.540800000000003500e+00
5.856500000000004924e+00
4.953340000000003407e+00
4.257120000000002236e+00
6.072220000000005058e+00
5.433020000000003513e+00
2.916800000000001170e+00
3.160400000000000986e+00
2.706420000000001380e+00
-1.651879999999997350e+00
1.211999999999997524e-01
7.966900000000007864e+00
3.183900000000001285e+00
4.198000000000002174e+00
2.006000000000000227e+00
3.656020000000002490e+00
3.874300000000001631e+00
4.903620000000002754e+00
4.382500000000002949e+00
4.773280000000004186e+00
5.097580000000004219e+00
4.841400000000002812e+00
3.894500000000002515e+00
4.621200000000002639e+00
1.912980000000000125e+00
6.156380000000003960e+00
5.256820000000004711e+00
3.301400000000001889e+00
5.201900000000003743e+00
5.748420000000003860e+00
6.059300000000003905e+00
-9.179999999999965965e-01
3.232720000000002258e+00
2.313400000000000567e+00
2.980200000000000848e+00
2.000919999999999810e+00
4.687820000000003873e+00
2.143699999999999939e+00
4.823620000000003571e+00
5.772400000000004638e+00
2.834900000000001086e+00
3.504100000000001991e+00
5.638120000000002463e+00
1.584199999999999831e+00
3.860500000000001819e+00
4.756400000000002848e+00
2.726500000000000590e+00
4.367720000000003822e+00
-2.707299999999998708e+00
3.990900000000003445e+00
-5.670500000000001428e+00
-2.563000000000000167e+00
3.259600000000002495e+00
2.684000000000011932e-01
5.602600000000005132e+00
4.275600000000003398e+00
8.833200000000006824e+00
2.471099999999999852e+00
6.355840000000005041e+00
3.478300000000000836e+00
5.037800000000002498e+00
5.722400000000009257e+00
2.347400000000000375e+00
1.260399999999999965e+00
5.190380000000004657e+00
2.979999999999988214e-02
4.639100000000004442e+00
2.526600000000000179e+00
3.066000000000001613e+00
3.474400000000001931e+00
4.052300000000002456e+00
2.537600000000001188e+00
3.620700000000001140e+00
4.044100000000002026e+00
4.759200000000003428e+00
2.053900000000000503e+00
4.389900000000001690e+00
4.711200000000002497e+00
3.877200000000001978e+00
4.746000000000003105e+00
5.664500000000004754e+00
1.924699999999999855e+00
5.986420000000005182e+00
2.132579999999999920e+00
4.230700000000001459e+00
5.885800000000007692e+00
5.162900000000004042e+00
4.735400000000002940e+00
4.056400000000002670e+00
5.086300000000003152e+00
2.965820000000000789e+00
5.893780000000004904e+00
2.148399999999999643e+00
2.642900000000001359e+00
2.466700000000000337e+00
2.906180000000000874e+00
3.525600000000001621e+00
4.639500000000002622e+00
6.224000000000005528e+00
3.942900000000002514e+00
3.256300000000001305e+00
4.961100000000002730e+00
6.900200000000007883e+00
3.937900000000002620e+00
2.911700000000000621e+00
2.050700000000000411e+00
4.473320000000002850e+00
5.996100000000005537e+00
2.473300000000000054e+00
1.569800000000000084e+00
3.414700000000001623e+00
1.600199999999999623e+00
2.040700000000000180e+00
3.933700000000003527e+00
6.078000000000004510e-01
4.831000000000004846e+00
3.614900000000001778e+00
3.245000000000000995e+00
3.940120000000002065e+00
5.364900000000003111e+00
-2.078099999999999170e+00
-7.703580000000035177e+00
2.347599999999999909e+00
2.062799999999999745e+00
2.446700000000001207e+00
