-3.449329816461369269e+00
-2.647146844598148974e+00
-3.497097721837340245e+00
-3.314168337940664344e+00
-5.915623958602232335e+00
-2.487041497281314406e+00
-2.267021725109851005e+00
-2.663384527179497141e+00
-2.331659765132515716e+00
-2.843280951298385872e+00
-3.342538551621350607e+00
-2.962511241612098445e+00
-2.572293791152249653e+00
-3.293161427810121111e+00
-2.649762485659984179e+00
-2.212763411230735500e+00
-2.270194966419001759e+00
-2.612859092423017060e+00
-2.989758385862320011e+00
-2.750423504627409699e+00
-3.343294525482781054e+00
-3.236733909601053227e+00
-3.467412420799203865e+00
-3.249702256020141178e+00
-2.661300906506312458e+00
-2.123367400171161989e+00
-2.899543416056667766e+00
-3.005916264496710788e+00
-2.677643720983404307e+00
-1.953998997654114333e+00
-4.722888041376530843e+00
-2.838207896242090911e+00
-2.972110689562114771e+00
-3.177049992025983371e+00
-2.584382678465837913e+00
-2.915576843127301032e+00
-2.949441357051213686e+00
-2.673466215010755320e+00
-2.839198232582381465e+00
-4.486086475821911890e+00
-4.903563389313200460e+00
-3.863272529369093711e+00
-4.600302750822137909e+00
-6.597960967447372482e+00
-2.782956297520106759e+00
-2.952675484948075635e+00
-2.651899530902122493e+00
-2.513917489463660004e+00
-2.849198364469515354e+00
-2.942445667897255035e+00
-3.076039185105512885e+00
-2.780963797766549561e+00
-2.912165450576797099e+00
-2.942326329449645783e+00
-3.333059987191441031e+00
-2.106193670588979217e+00
-3.165085330481899106e+00
-2.375676889409536585e+00
-3.409534053988890534e+00
-2.739642243088947993e+00
-2.516327440060816656e+00
-1.989131701384931006e+00
-2.560999536905839591e+00
-2.455987125414781147e+00
-2.332947274462402021e+00
-2.507899953958668604e+00
-2.659087622610172730e+00
-5.129779696049669546e+00
-3.124295011347877349e+00
-3.648958103687744980e+00
-2.720660906275535140e+00
-2.526588830123001728e+00
-2.531368120302094127e+00
-2.097641845953905460e+00
-2.990916669346093570e+00
-2.295904547375345217e+00
-7.892453158320427598e+00
-2.756634115051413758e+00
-2.372563100218219034e+00
-5.130065790001951065e+00
-3.511388298138862218e+00
-2.563064328139901704e+00
-3.183139932573142872e+00
-3.387474734061978410e+00
-3.399714110861518535e+00
-3.075999225065072729e+00
-3.089999328583205696e+00
-2.496102807140889723e+00
-2.247173163279468255e+00
-2.549640815954973050e+00
-2.640802004766161559e+00
-2.452134360903157173e+00
-2.792796223297081326e+00
-2.755265921754352476e+00
-3.120193536596890915e+00
-3.122172928367909606e+00
-2.662005918978671559e+00
-2.416596505059258604e+00
-2.847370679317062780e+00
-2.661098373528094641e+00
-1.931468723744297122e+00
-2.651282258333845121e+00
-3.132956278726990007e+00
-2.768777639503044341e+00
-2.879936114186154583e+00
-2.729152029160372805e+00
-3.165008136378639314e+00
-2.871632004182645304e+00
-3.040252365723506323e+00
-2.337720728508577039e+00
-2.540280137044764075e+00
-1.994826831132165523e+00
-2.999947239404155752e+00
-2.377207550520395785e+00
-2.180536967739586274e+00
-2.387694643413007967e+00
-3.005382949642539714e+00
-2.749571480180728500e+00
-2.758277497812816392e+00
-3.017878275632575935e+00
-2.330004330970499637e+00
-3.348478209590268762e+00
-2.935495638378768035e+00
-2.307041944628137387e+00
-2.568949596646948663e+00
-2.855720582271439767e+00
-2.516433867696619586e+00
-2.333418137483123544e+00
-3.474485660645166618e+00
-2.906371495302657593e+00
-2.841179435292479738e+00
-2.586117401551572215e+00
-2.420548543634989613e+00
-2.570758595492765863e+00
-2.119921724589607592e+00
-2.520633867696620456e+00
-2.831774819428755308e+00
-2.565754383659220039e+00
-2.714350657262814437e+00
-2.392187946960603995e+00
-3.816356599696581142e+00
-2.927633353090428159e+00
-2.644300284798978495e+00
-2.802979268144531133e+00
-2.464300548377329036e+00
-3.960130631094984643e+00
-7.094351397712744145e+00
-6.024157744088498134e+00
-3.548894614600127007e+00
-5.913800437563773826e+00
-3.086556288760419875e+00
-3.111289719637865048e+00
-2.337357549756243102e+00
-4.130900585258554969e+00
-1.694618174293747614e+00
-2.710316769768356338e+00
-3.590013632723795922e+00
-2.611015115775304096e+00
-7.520484556759644335e+00
-2.369182029800837697e+00
-3.282139311390912084e+00
-2.623368421680495999e+00
-2.969113407767533630e+00
-2.615744505263037922e+00
-2.921045748049413859e+00
-2.423289269864705275e+00
-4.856028195796046276e+00
-2.326083543868950443e+00
-6.013717409780118928e+00
-2.619363266214506325e+00
-2.521482758337876717e+00
-2.930147307991868288e+00
-2.761612731068790794e+00
-3.276834678806292978e+00
-2.042157346453405964e+00
-2.677802884914944670e+00
-2.565645428087350410e+00
-2.554996936800421281e+00
-4.068359452767042583e+00
-2.511113528752614954e+00
-2.403662181771352380e+00
-2.530103294037465034e+00
-3.542434198504265552e+00
-2.892045981400611865e+00
-2.314393796557153493e+00
-2.470882208107026301e+00
-2.829442717638922744e+00
-2.869888980620793006e+00
-2.707402964579060267e+00
-2.866329447404710962e+00
-3.587074886242078264e+00
-3.139258454207505267e+00
-3.612209064450988549e+00
-2.832879807991869114e+00
-2.666122247472321405e+00
-2.940786040960249537e+00
-2.332371739447381742e+00
-2.537727929278048578e+00
-2.026125082330489491e+00
-2.745966709103672798e+00
-2.695457755097018904e+00
-2.944069614203785434e+00
-2.800940676146348451e+00
-2.505972579621928986e+00
-2.020166519021636020e+00
-2.287281713289674556e+00
-2.010455832983154778e+00
-2.840459651133153685e+00
-4.354220609047305679e+00
-2.586310686435371764e+00
-2.173732794824392300e+00
-3.993616397351426706e+00
-2.468483274333122424e+00
-4.078247297329461674e+00
-2.587504115868934917e+00
-2.998485291915965689e+00
-2.899959735866250554e+00
-2.827056699052461042e+00
-7.360055031760222022e+00
-3.403364573637166046e+00
-4.057062516866272617e+00
-4.160820014862050442e+00
