-1.523253963685708312e+00
4.909987939524205203e-01
9.135855124002341121e-01
-8.280018732509941692e-02
-3.573610135856200465e+00
1.460613910559484419e+00
1.929986388982167567e+00
5.534454632172172150e-01
1.410597020511649147e+00
1.083382398834509486e+00
5.709586228988530188e-01
4.482359833961281348e-01
9.405325380727787010e-01
6.953926342641858493e-03
4.781934092687913362e-01
1.201551949140897024e+00
1.068901329576637416e+00
1.486072679283868991e+00
6.727598420890257280e-01
1.613082898122174758e+00
-3.628911430745866418e-01
-1.713024191159157050e-02
-3.533327323610276349e-01
7.920259976650547706e-01
2.207541195179894555e-01
6.529746698056843046e-01
1.876856271367620677e+00
6.029494139791939933e-01
1.150306195542982080e+00
1.214889627919683024e+00
-3.649944806491921323e+00
5.863128132804467096e-01
1.362677033008102834e-03
-1.461678200349282086e+00
1.294655740210541028e-01
1.494272751394815080e-01
9.839006288840279613e-01
1.785426212356519216e+00
5.290122634937000079e-01
-2.991405103184928027e+00
-2.794897503296308816e+00
-2.952181431615840790e+00
-3.889028256028745911e+00
-4.659774808891431697e+00
-1.028052457603671477e-01
-4.115023851252402887e-02
6.348975017734629356e-01
-6.017143616291847907e-02
1.037402734006636296e+00
7.125570629312210080e-01
-2.488985471520511750e-01
3.261322149660034198e-01
1.220509851162690090e-01
1.656775137051059499e+00
3.850656606254903025e-01
-1.250078933008535786e+00
-1.829262049014112046e-01
1.916999747988792580e+00
-8.737727716228060881e-01
1.802019251360206686e+00
1.088016815671718263e+00
1.493401000887138785e+00
-7.214474650576918613e-02
2.041835967381806061e+00
2.192844365643332516e+00
3.133213994571673044e-01
-1.469386067032582233e+00
-2.237919012255847218e+00
-1.096442856391237397e+00
-4.227515719490328450e-01
1.115595142233092085e+00
1.921386061074467744e+00
6.917980070573142015e-01
8.230977579420262202e-01
-1.363609859560847015e-01
-8.021205325920377494e-01
-1.051267637841421987e+01
2.848782261051383546e-01
4.881388935070262169e-01
-5.835074237290857724e+00
1.253511069125479827e+00
-1.121692765892469135e-01
9.528219874269685530e-01
-4.279531595007046718e-03
-2.291218598936985984e-01
2.604795784109562584e-01
8.622572049954615458e-01
2.311198763878584139e-01
2.160615135118290731e+00
9.002040129052524264e-01
-2.158822997771625007e-01
4.259184997467907463e-02
1.565400320876916940e+00
1.131577469924949453e+00
4.246013600835297219e-01
1.950171670255371192e-01
1.654229911563763311e+00
1.770351397824708073e+00
1.471495325603416893e+00
1.239354973266163062e+00
1.669421882275218261e+00
1.776955244540007417e+00
9.750984038488557104e-01
1.675026983213302456e-01
1.668096761960124463e-01
1.095166308235000496e-01
-2.397773882568962733e+00
-1.257128699922996917e+00
2.265816065787614964e+00
7.413632713546547404e-01
1.008870948932108380e+00
5.424834814101353597e-01
-1.527266090126170872e-01
1.025757501035133412e+00
1.715323794359815857e+00
1.254406148405177612e+00
7.966967059903506954e-01
1.215402167714938253e+00
1.085600858184152306e+00
3.694865561995248626e-01
1.426873073450843021e+00
-9.080930538753104742e-01
1.521267342159601244e+00
1.750343953368019845e+00
5.564527524026805505e-01
1.154263428625834420e+00
1.764463746792310106e+00
2.101193328546097749e+00
-2.373462251907909160e+00
-2.550097956516395037e-01
-1.921588588072274950e-01
3.872097967798897034e-01
9.767398648643871306e-02
1.208080674025860501e+00
4.773901703318841894e-01
1.324182045889209514e+00
1.448061050431180830e+00
3.398821584779102567e-01
5.008956664301448258e-01
1.841590156814606472e+00
-1.549292641209612631e+00
4.472437713423311756e-01
1.163981405234717270e+00
4.225948325571149411e-02
1.167829645361666335e+00
-3.721560970160843862e+00
-5.963575040403767957e+00
-7.263266489340315601e+00
-3.226181945885756353e+00
-3.796131298139505006e+00
-1.411095808043350219e+00
1.077548375685099646e+00
1.256328279529870029e+00
1.540743961908289883e+00
1.073695005958533955e+00
1.849294022163093132e+00
-4.212646886179047256e-01
1.331213444270688884e+00
-1.330210909553375309e+01
3.143727097970713813e-01
-1.146755323355412415e+00
1.390296395324039480e+00
-1.401515139842024249e+00
1.138365959797504656e+00
-1.746621533019216410e-01
5.968656826823651729e-01
-2.595633158790816353e+00
1.162788876988182230e+00
-9.809965522464306531e+00
6.545686609219644181e-01
9.558625535930296291e-01
8.682456633386768097e-01
-2.317910534034429149e-01
3.338895454077684399e-01
1.768429736005953989e+00
7.147422785095218778e-01
1.240818268614273023e+00
1.684831726489254056e+00
-1.650677655690272916e+00
1.882177230192744188e+00
1.772822157705076784e-01
1.034860430976434209e+00
7.629881631902073469e-01
1.098130471763492322e+00
1.496925440371089433e+00
1.014245007135921250e+00
1.127082065494251717e+00
8.553285481400516033e-02
1.634523840138874862e+00
-2.960700305831502344e-01
-8.119878194747887079e-01
-4.296660188790495938e-01
-7.140069548695158197e-01
3.878531071387714135e-01
1.086201368046011639e+00
1.547643097419931113e+00
1.104686938340001312e+00
5.676401770682472092e-01
1.902884403223263909e+00
2.068837652082001988e+00
2.965703715546255115e-01
-1.706672002298934010e-02
-2.844788641065213675e+00
1.174299575525002526e+00
2.396937886939543905e+00
4.588291448420094842e-01
3.206328595049144359e-01
3.277018279545974577e-01
-5.528197595298268041e+00
-5.583712325018513889e-02
1.265209834853498361e+00
-4.764361626321163001e+00
1.381856213660293209e+00
-8.642545452353416202e-01
5.105857753840834512e-01
4.111435762191621435e-01
1.185121843131928143e+00
-2.247475380649015531e+00
-9.609866337116745427e+00
-7.602675769197553279e-01
-1.573842441778400714e+00
-1.500711976426138738e+00
